block_number,reseve0,reserve1,timestamps
15905479,35580000000000000000000,200000000000000000000000,1624120027
15905497,35624213957908102827474,199752519563138670784540,1624120099
15905605,35217923472931525788421,202063892446071184384687,1624120399
15906674,35235653710544607358120,201962520741008166059521,1624122703
15906894,35670653710544607358120,199506907207283115003493,1624123185
15906894,35521895882650699522397,200344911935816595786449,1624123185
15913928,36369220358979028416859,195690984668828780091612,1624138485
15914009,36788878591516040720507,193465318436435004821578,1624138651
15930958,37278723019655221594962,190930700252078100435226,1624175625
15942446,37345022769846287095930,190592750291434060330145,1624200744
15951426,37351116816890017929203,190561747274432209308472,1624220218
15958066,36679765243259778856764,194060103512867704798786,1624234465
15974959,35842020764284098575896,198609567040003988486471,1624271247
15976467,35034350983200776349153,203202020500570092521695,1624274743
15990827,34909869293212440098278,203928778995138497424966,1624307202
15992199,34902571406677122265050,203971547399071151072217,1624310085
15997898,35689154475106177799850,199489238322083298791291,1624323159
15998017,35697127292634875988081,199444816795620185952366,1624323437
16018379,35180518691654414522246,202382378447601220493099,1624369188
16021892,34450703504470984909158,206682614926252894499944,1624376821
16022595,33505579958980516543425,212530249595557474835039,1624378271
16028840,33316241436093344754319,213741708197407634765616,1624392041
16028880,33060146413904382639267,215402405506630896317561,1624392133
16029085,33035107648028662407692,215566159757900176055151,1624392689
16029621,33667382927037277553229,211529733195222975142463,1624393850
16029782,34378955507926930491615,207164373093252176715628,1624394184
16029890,34883937264350298227315,204174317375448884103799,1624394414
16030768,36033175080101359538722,197681320367374364119425,1624396344
16030813,36090583924095500161570,197367812995718484552043,1624396438
16030815,36091504332053657367767,197362794808024281544618,1624396442
16030946,37047389742649864463889,192285384251498575528217,1624396714
16031701,37490022900569312782289,190021860509475638477957,1624398424
16032864,37498173181519093302263,189980682867182065768983,1624400826
16038935,37512291522911027965536,189909395072888322131998,1624413666
16081285,37530189258506731091552,189819100933400394744025,1624509174
16081295,37620292499473527961184,189365831497329351413100,1624509194
16082207,37316174790463960258699,190913760553231958277032,1624511074
16083969,37381508805356538386571,190581087833758723593237,1624514966
16091233,37382364063963568539190,190576740673203664790163,1624531145
16093760,37389489536804914270499,190540530595652362905256,1624537129
16107912,37268882175416319465288,191159002052450860568016,1624568770
16112676,37261679812071833632778,191196062630893338524163,1624579631
16114590,37311679812071833632778,190940615487070618140738,1624583707
16114590,37285763460548630652258,191073732628120243507371,1624583707
16115408,37272081136599101982789,191144085536410268086580,1624585537
16155563,37222485814161871928877,191399532680232988470005,1624677865
16187303,37907050652594899181810,187953224159502198149013,1624750949
16187398,38646131917190789044077,184369323055087636331826,1624751147
16187921,39343269027338617279980,181112046258900211102182,1624752225
16188075,40121474298487042693780,177609490542815430875921,1624752669
16188380,40188227679469876232280,177315361503759341162981,1624753299
16188380,40917534350612454391896,174164237647792035814615,1624753299
16206501,40918534350612454391896,174159994051084055491410,1624792465
16218692,40289211880876878241332,176888580445290862635911,1624818634
16221350,40920228027047834101294,174168902537052133366263,1624824370
16221815,42157583831491193415214,169071805477907816497465,1624825552
16221823,42775071532907208975918,166638353810701510439758,1624825600
16221824,42863319750486341323246,166296301171452920260662,1624825606
16221828,41666089797931946528748,171089023399868475929005,1624825614
16222689,40654082549306692186708,175360779492376589420799,1624827388
16230737,41388631142696461920079,172257719174360685393411,1624844846
16234533,41388632142696461920079,172257715024889269252595,1624853058
16234533,41388631148687461776197,172257719174360685393411,1624853058
16267987,41864344026754472958656,170306126075151551881197,1624927316
16288578,41339977868535122071887,172472829787151551881197,1624973489
16313958,41881211605268563815610,170250552194032733027666,1625029330
16328810,41864141194829476195541,170320181994037558634719,1625063035
16336619,42519926361282145829519,167701091822344095258965,1625080943
16373002,43267882465837043808120,164810651272829239821391,1625161719
16373146,44134411393231402176320,161584299318269534135635,1625162015
16373171,44728670040822241055367,159443868708460323063977,1625162065
16373329,45247040598859567680636,157622625035436212806649,1625162393
16373633,45746065077785478774898,155908288686849163955606,1625163023
16465474,45746066077785478774898,155908285288949034867457,1625363379
16465474,45746065083776478644721,155908288686849163955606,1625363379
16467690,46081056488120650766824,154778271443907062571535,1625368079
16469052,45748113456996781850365,155908097466622843902257,1625371271
16469075,46119335379707052422396,154656902774978939692086,1625371321
16498417,46883945082306635545844,152142114818946831184669,1625435174
16498545,46157876073155007250487,154542530050087729913041,1625435521
16498720,46726309154842060538878,152668066959529718020346,1625435883
16503760,47434439527600009500377,150395680124338242973075,1625446944
16503989,48329041608838655913282,147619955619480434759488,1625447414
16504648,49147640234674009824659,145168464802764211513539,1625449032
16505058,49212839192843933677481,144976716555225492817280,1625449946
16505068,50669874983009793425040,140819991765034064079497,1625449986
16505603,51046452302086232733804,139784235236045683467345,1625451132
16509633,51316850892174123366508,139049882624914458399313,1625459700
16510185,51011535530700328467081,139884631278632448741811,1625460836
16521060,50780730217989919101075,140522339041483059872950,1625483932
16550932,50051417567546445157319,142576089041483059872950,1625549982
16576475,50670712976819684015451,140838693809128143718198,1625606426
16621884,52557318892877646236037,135797749407494638104633,1625705572
16622077,52647269262877646236037,135566427342286184971592,1625705970
16622079,54747437123403494453409,130380964737061717020514,1625705974
16622275,52840756033725038446649,135099726682960867324221,1625706382
16622490,52059395711604838068624,137133542137842480806815,1625706952
16622495,53131307511402999735824,134375037702982109589611,1625706962
16622634,53144678696705734110736,134341330384306902706296,1625707248
16623549,54253689960840290370731,131603300950497247836901,1625709262
16627244,55245869656362057336531,129246755278257406961922,1625717524
16627362,56030652218756899415505,127441840407885427300171,1625717768
16629946,56040642218756899415505,127419190324262439983064,1625723224
16630038,56050632218756899415505,127396548302459123678098,1625723416
16631279,56785258164012004206333,125753310817918060925777,1625726102
16633612,57196722388011295900538,124851355763528333138627,1625731173
16645466,56667563155770586096672,126020720369977918339286,1625762121
16653954,57728139535664725609743,123712297104428552506750,1625786301
16654032,59104318544871499448812,120840233315226338423522,1625786583
16654285,59571898755841541228614,119894580717882530623064,1625787233
16654372,62219121930890369517638,114808106740507464105631,1625787411
16654594,60944140139116884452127,117217176774348839910588,1625788139
16656910,59777299547658763733734,119512116774348839910588,1625794503
16659862,60222578718342061700659,118631088669695670240466,1625802440
16660035,61286968228475449964159,116576860170006806299980,1625802880
16660238,62757786746354604746706,113852719573391405226609,1625803426
16662814,63309444119692266671546,112863595328275885583595,1625810654
16668454,62842952423841707610080,113703917958146356296505,1625826650
16673430,63528901093637965237554,112479851687183112071205,1625841387
16697741,63503596652600198353869,112524806687183112071205,1625899624
16703969,62927556150459082687612,113557961187183112071205,1625912982
16710568,62216969596034409395115,114858821187183112071205,1625928420
16710704,61524725453170627857809,116155041437183112071205,1625928700
16710785,60779443263958199292872,117583629216490611472846,1625928874
16715264,60314332653006527893784,118493097216490611472846,1625940494
16716175,59966835474774056169115,119181809841490611472846,1625942916
16746222,60945155332403718723915,117274295859701236682139,1626014002
16747299,61480163310396462894535,116256795488998809685073,1626016424
16755747,62054604270481865482116,115183802322449065867549,1626038025
16755819,63057718486361140785341,113356882753960090640445,1626038173
16755853,64122015094345753928003,111480937350820007398053,1626038245
16763692,64955509818647822507469,110054675230374093575067,1626057380
16763773,65700907330965658310425,108809773677952567755081,1626057670
16763816,66663497251717515004125,107243256740004525847327,1626057764
16763974,67430893626366518940616,106026396200289479716339,1626058092
16764130,68479881343532104881095,104407061879649363671853,1626058412
16764156,69148198673424542893926,103400965753069596312332,1626058464
16769104,69471638591265718056578,102920998182613093208561,1626069827
16769104,70787834489717205076078,101012967825641506181631,1626069827
16769106,70592129072769939788311,101293852820260980357813,1626069831
16769107,70589857341248127249380,101297122480544621264415,1626069833
16769107,70589536243771517568959,101297584647099619098694,1626069833
16769441,69897013523548030851378,102304236594288638734029,1626070649
16770551,69983492543548030851378,102178197424324413311663,1626073193
16770609,70414015683324729019603,101555325511773785728693,1626073313
16770656,70670924954564963388627,101187246038360883260756,1626073411
16770723,70324600618978010506769,101687057663360883260756,1626073621
16771800,70353306652152181060630,101645691043148982890518,1626076077
16771809,69930469425211371981352,102262144918148982890518,1626076113
16772033,69839665211929723252195,102395504305172839547361,1626076637
16782104,68995549493529075742222,103652016305172839547361,1626099754
16791154,68448258918769600103091,104483278748927604595666,1626120465
16792757,68487728584373912420939,104423245287361148375539,1626124214
16795898,67785702865686563308703,105507963537361148375539,1626131471
16802085,68479930790228485345879,104441533489617638752132,1626145540
16802202,69547209814462420287779,102843497132343405740616,1626145782
16802240,70369696595623172053520,101645018014929145177619,1626145862
16802300,70716654622948476025915,101147804550899008298659,1626145982
16802413,71719184645329652245374,99738087750880032456659,1626146308
16802523,73522730927741616241204,97298627091798641613493,1626146572
16803000,74057108293021620846052,96598635898354502999330,1626147554
16803439,75195361469444369830652,95140715897162367928094,1626148556
16807092,75205643643146491765554,95127747202797289568098,1626157289
16807296,75226150594060445107912,95101892772156575882729,1626157841
16807323,75236414594974536662108,95088957573953126668570,1626157895
16807818,75246605555323670595619,95076117911109824683860,1626159045
16809626,75902500561243777387093,94256981750777519896315,1626163416
16815491,76666632251669069121514,93320318463863052750702,1626177094
16817104,77264763694554172818105,92600046336256309398131,1626180941
16818236,77284406530793139233465,92576581419756031280480,1626183657
16818515,78928410459697120100963,90653963742837611800338,1626184253
16820943,79180112272441260720739,90366650047457235991031,1626190541
16825272,80219196500676115074239,89199591447511923724545,1626201798
16829402,80228244039730729401987,89189562361636226995891,1626212147
16829738,81373113512448797074251,87938431997323334801805,1626213119
16832134,80316203548748921459525,89099127708401107155388,1626219197
16832543,80984533356941483999991,88366019452589974325474,1626220295
16835288,82334709950919133294644,86921213801685423149912,1626227021
16835483,83670995094033614339944,85537118625667673668989,1626227735
16835584,84177765642433197876236,85023700032725284998553,1626228017
16836296,83507943815987245773090,85707731919104762415782,1626229869
16836296,83408176627010632574940,85810558158466005417907,1626229869
16836583,82561431618680576050183,86693274158466005417907,1626230459
16836839,81720918060352366423583,87587612260300528062820,1626231115
16837151,82422803880383695470156,86843963214996853478881,1626231823
16837175,83435812655314857519985,85792700361309883233858,1626231919
16838236,84501613831895938041112,84713820413524412188921,1626234509
16838504,85863846881265013410412,83373800760967003534392,1626235061
16838899,86368346881265013410412,82888245199941270632536,1626236235
16838949,88949173791687922559412,80490280044840848250135,1626236515
16838996,90525600265927903450177,79092742151337905317040,1626236717
16839456,91944102814853477836105,77876113237430751182668,1626238080
16841168,91941852763531095441433,77878024798964661148279,1626242260
16842962,90845360839379738600973,78820831048964661148279,1626246600
16845391,90118804103221185715969,79458213298964661148279,1626252634
16849147,89421424682277986140781,80079756298964661148279,1626262786
16849456,88723239948975741305192,80711819548964661148279,1626263448
16859980,88947352040040194441576,80509066290171423704567,1626289283
16859980,89171464131104647577960,80307330658264745253195,1626289283
16860107,88625446469840265015419,80803589533264745253195,1626289721
16860431,89684573433063067199573,79852171286284845829554,1626290752
16860749,88270420978501257814922,81135307036284845829554,1626291473
16863488,88993956117372443563100,80477626863106839711230,1626298503
16863654,89688925795424855763607,79855888809351369391838,1626298971
16865701,90556903511977581652170,79092753398361781748540,1626303843
16879365,89944381611552503400654,79632996359712148338481,1626335259
16881239,89304043548580989729807,80205708109712148338481,1626339251
16886982,88482499781845661564811,80952644193487852370945,1626352172
16887859,88438931784349125628785,80992644193487852370945,1626354236
16891387,87565438406792441554203,81803002913487852370945,1626362792
16894551,86503883620196579303993,82809890288487852370945,1626370981
16894786,85464840591433539499410,83819685011730944051375,1626371547
16895780,85454676116098679138869,83829685011730944051375,1626374000
16896663,86239808383669895506118,83068763437192036378405,1626376382
16922022,86208767783837635085744,83098763437192036378405,1626435957
16924664,85284668854139015773192,84001886437192036378405,1626442125
16968899,86821939788865820158196,82518930666632382068735,1626545271
16969006,87566539460995343543139,81819339234374888801494,1626545489
16969120,89103451301365922238035,80412229297694679197693,1626545791
16986594,88442647551469055936034,81014841203944679197693,1626586633
17001425,87874667014813461898424,81540058703944679197693,1626622155
17003398,87314597451989382301333,82064661953944679197693,1626626737
17006966,86928720784333465149000,82430043203944679197693,1626634995
17024270,86274181912811405203820,83057299403944679197693,1626676445
17053006,87208223825993722028925,82170356134426902171854,1626743536
17055586,87203888052401589809996,82174453934426902171854,1626749822
17056406,87151019087735388426958,82224453934426902171854,1626751813
17056469,87098214286068683552268,82274453934426902171854,1626751987
17064071,87085018144299318097646,82286958637281028316212,1626770076
17064109,86945046584995075798570,82419829822458042109553,1626770152
17064149,86805714951122281018019,82552519752977282342357,1626770236
17064193,86666829747246352073060,82685209768741305635876,1626770328
17064236,86528389770082314351290,82817898967405428195192,1626770414
17064418,86390390986727701930131,82950589173374859345849,1626770860
17064442,86252833236222586164634,83083278506735619938058,1626770956
17064663,86115713636584252832075,83215967713852841268271,1626771433
17064692,85944875826433411317467,83381878842243994927156,1626771491
17066241,87124759039015831953857,82256025265701136078449,1626775280
17070229,86258285691072331953883,83084781765701136078449,1626784027
17070288,85374172171791960725042,83947775914451136078449,1626784149
17076119,84288239653686701344317,85032576449451136078449,1626796568
17079763,85319270747041964874214,84008055438542532453465,1626804283
17083501,85792871050617605542599,83545691395023486751896,1626812552
17084398,84664522544155141074229,84662479279780942925006,1626814786
17084430,85350541796156398788228,83984015552019253758429,1626814854
17084980,86224090477292317108704,83135688171529740550019,1626815986
17087697,87162741355878146663326,82243061425650061612146,1626822744
17092061,88218177348902864842867,81262027933477048831896,1626832154
17092068,88879363939704856576265,80659307928765320749322,1626832168
17092453,90251350502227565455865,79436760814495815719878,1626832962
17092693,91273244428003034281914,78550026323106644242986,1626833458
17092751,92145194521928346889818,77808933239906549903664,1626833578
17093760,92889192376375301457104,77187575730614913902017,1626835662
17098875,91687069832972708978369,78202638480614913902017,1626846989
17100742,90774477087786637939956,78991207123994089301464,1626851227
17101377,89861339384700489280444,79796301846629019525439,1626852669
17102157,89840634132535143794838,79814747554295922530086,1626854529
17103909,88971328537181433122138,80596934179295922530086,1626858653
17110816,88358565278966255216670,81157552679295922530086,1626875035
17111538,87577399678938892791500,81883633304295922530086,1626876593
17112933,86769823034025651966472,82648026804295922530086,1626879987
17112963,85896647385655753590717,83490706894591817129814,1626880051
17116216,85861650827007277399009,83524839472181321586085,1626887657
17119421,86644042668815015419517,82772856201754582204279,1626894853
17123421,86248662040229133285783,83153444826754582204279,1626904012
17124150,85779609687679059552453,83609505201754582204279,1626905582
17124420,84705845379546059220447,84672561042042079422847,1626906189
17132505,86247782147194703205755,83163246431987942319885,1626926641
17137217,85626819130976382694090,83768158431987942319885,1626939385
17191564,86013575375480341402333,83392623519394352047974,1627071978
17191676,86162715001288965375368,83248710950925547227618,1627072206
17192253,87376672783996525739254,82095526286877331673033,1627073410
17192725,88149080556253498024524,81378302119893391162883,1627074386
17210120,87365496052045485530656,82110383494893391162883,1627111843
17224642,86505123218365509365241,82929503970523586387342,1627145967
17224902,84885353676565977717126,84516713912455319823810,1627146503
17227671,85525058114563405440417,83886433961867387576648,1627153509
17237009,84743333242336963285731,84662582711867387576648,1627175865
17274298,84215246068204434640420,85195072461867387576648,1627264565
17275272,85409294233288501236274,84007542536679124812559,1627267013
17281091,84793205854104324464375,84619759112478905705432,1627281986
17284247,83675450696802370154456,85753529862478905705432,1627289906
17287383,83174092882870919708133,86271991422852287665859,1627297856
17288323,83166202589377040966247,86280201003068822529079,1627300144
17297732,82661530572971960232489,86808551075834279889262,1627322702
17299005,82140534126834093564692,87360812346037096613076,1627325580
17306811,82860594944907210807243,86603902287438898203332,1627348163
17333175,82200717321271810937071,87301219037438898203332,1627412338
17394874,83078736046465602982631,86381313710863669348749,1627571169
17395238,83669793736089771493335,85772919125369967056101,1627572049
17396043,84899624210837438447209,84534111969921421852903,1627573991
17396240,85417972748504611050528,84022656677162696545546,1627574569
17398438,86672389180463157857228,82810185591345273466393,1627579808
17401606,86303944314699567214568,83164778841345273466393,1627587368
17402237,85753907023457911648238,83699814216345273466393,1627588922
17476373,85196472362106433088756,84249104216345273466393,1627774851
17478693,84403567003957953143915,85042940025095273466393,1627779909
17502675,85135486886503295654868,84313990351036702028242,1627834951
17635941,85522429641565047692063,83933654393620788865524,1628138053
17663110,85522430641565047692063,83933653415142361561508,1628210455
17663110,85522429647556047622431,83933654393620788865524,1628210455
17664134,86687428342648346181550,82809002496946872501419,1628213889
17701787,86064128807551560949610,83410532121946872501419,1628302433
17765509,88620448524709810365710,81011506643222641690017,1628448737
17765545,90371191364384937883796,79446704400324993800508,1628448809
17765893,89043429330709718298626,80634930525324993800508,1628449532
17767239,89844744137475073841381,79917895308491880637277,1628452580
17784312,89217310313635550923552,80481620808491880637277,1628491238
17848563,88317254854807369811911,81304290058491880637277,1628640541
17854594,87358693196510062922605,82199102941988046976462,1628653969
17855049,86229176762749428245784,83279069316988046976462,1628654979
17859651,85571995564153925800657,83920565645227408732511,1628665570
17862927,84629469393149330302903,84858009020227408732511,1628673467
17864253,83411888978905594726334,86100425995598878425530,1628676958
17864448,82520331312948438792990,87033462461259453441074,1628677503
17865711,82508489698785042169535,87045991085150768586898,1628680686
17872944,82496397902991621063418,87058788122404574810329,1628698552
17876437,81722704996574694720351,87885479372404574810329,1628708019
17888763,83456098583370407299334,86065449764036777011800,1628738499
17889474,85073138207213397919438,84434363332959521812341,1628740133
17892096,86566958033064964047771,82981639915957496548327,1628745945
17903121,87420918720436601136984,82173451891814066633067,1628772982
17906763,88535330441065650912387,81142182453269731853310,1628781299
17931229,87801637325163001769830,81822267703269731853310,1628839105
17941116,88987579714681746235313,80735045703896308862756,1628863549
17951211,90471594959158108543991,79414648058680215537104,1628889136
17952330,92306570684969129878952,77840594948737067457102,1628891786
17952577,92337223812010382248452,77814831754394089001341,1628892752
17952577,93165148771681552134701,77125375662514859500780,1628892752
17953937,92679877068426484482153,77530419149202704530487,1628896630
17954071,93477443578649551855487,76870883173991780718636,1628896906
17977078,92714235445557282796010,77505575548991780718636,1628951283
17982568,94119612046981490762910,76351696869195679188128,1628964610
17982754,94761936584796044715809,75835704512311364194388,1628965020
17988754,95276595782081130941965,75427282229201232393661,1628979477
17991043,96756822629809173662333,74276772675849114952733,1628985156
17991649,97599978671216145462598,73637011807108881399249,1628986600
17995754,98961654729979300136612,72626791497032605647526,1628996795
18001876,98210235545455080460009,73184140497032605647526,1629011458
18012994,97242043556174916273696,73914992137884888552326,1629040093
18014403,97230632526398168638259,73923692936250975954620,1629043639
18018858,96081569497288681010218,74810424686250975954620,1629055704
18033941,95327856532139272101890,75403695686250975954620,1629091939
18037369,94954704532465042771882,75700907973750975954620,1629099979
18038868,94220774140370545352479,76292352660000975954620,1629103331
18064308,95008879441028019002793,75661385107623829238284,1629160610
18080972,94199515788863520723217,76313424982623829238284,1629199280
18092280,94735208097688871037519,75883188267881936888164,1629225010
18092281,94883461209567292893287,75764977765484462189510,1629225012
18092481,94004813559318742342468,76475271528696834776999,1629225584
18095085,93960023972807724360023,76511836042546640467344,1629231849
18099199,93882635381129234621087,76575095452493042761272,1629241631
18099766,93859490046455987942851,76594035351685367994640,1629242929
18100098,93847575163983389406269,76603788986690863399506,1629243745
18156122,93022586108375150066973,77285208978690863399506,1629372855
18156479,92337718581938931345097,77860157102956295883755,1629373717
18158149,93026695628476813522360,77285224095972415730953,1629377806
18160521,92182560199699630014095,77995070970972415730953,1629383265
18175448,90946557757122645755165,79058246720972415730953,1629416870
18175554,90109407997266295662601,79794937172657279916463,1629417090
18175640,90098077874284215662119,79805001836560490270526,1629417266
18195900,89427985004005028948336,80404788086560490270526,1629466666
18196272,88728678930526399555486,81040397086560490270526,1629467438
18215818,87542332194915876814074,82141936216622307687321,1629512977
18217862,86479891964822819559955,83154119466622307687321,1629517591
18219147,85645719038178273499278,83966461716622307687321,1629520502
18220203,84795058238380526916292,84811344716622307687321,1629522821
18221199,84125688179153113244450,85488200966622307687321,1629525025
18240717,84779339969155757913558,84831045983922013309035,1629570497
18242018,85660935553780000968042,83960583651740516626774,1629573587
18242605,87271588146722517377042,82415600846645329685788,1629574949
18242628,88104858242892706198544,81638454428608697523046,1629574999
18255813,87101272634295205555526,82581927567641295468488,1629606312
18312235,87873550531228391080444,81858313409981316803844,1629737784
18391137,87769127737657661421370,81955996898103994552253,1629920581
18391582,87758405297818845858675,81966040522764558484109,1629921788
18424214,88345637784119909077688,81422836799667138125948,1630003342
18502465,90983347145530169838388,79069174277085241475756,1630193557
18502715,93829092541737937095642,76678059603607573418907,1630194070
18535556,92554431223105263654394,77737248809706229163853,1630282949
18535961,92542954380947314768277,77746918510965886394289,1630283911
18539136,92520508607472850990757,77765836919109221610347,1630291780
18561071,92319815441762127873496,77935400019109221610347,1630344648
18571213,93879887280789161252687,76644110527941072101971,1630368665
18599196,95731374410667559710048,75166140764446168938386,1630437703
18612921,96817785958987883780645,74325188667341234563032,1630471995
18704158,96825097818118743155237,74319592751835428990921,1630678858
18705220,96836160263675216919710,74311128039294782788397,1630681306
18710311,96847188866888610671440,74302691144116408737823,1630693874
18722281,100195720136714284391868,71826703721704471218951,1630722187
18722281,100172125579842192170912,71843672700770886672951,1630722187
18732604,98179610845322456539827,73306097700770886672951,1630745681
18734341,97137749552915685505060,74094715924302643375704,1630749661
18734341,97014552679617216072741,74189090471112932793614,1630749661
18734934,95979859023736498875772,74991279221112932793614,1630750886
18737668,95071124152002056601921,75710238293655867726302,1630757182
18737668,94910484056173315381332,75838766729097817190828,1630757182
18755196,94327538457658616237048,76308861726788606553471,1630798987
18755398,93029345357994769599235,77376930329478150480345,1630799555
18755558,92079406482205857246781,78177592829478150480345,1630799997
18764072,91239020735549421055884,78899838917478150480345,1630820243
18765508,89461041175886878741209,80472639907146971553412,1630823596
18765508,89184682328025326380338,80722752866022843683600,1630823596
18765853,87485953481801100356081,82294875926022843683600,1630824319
18779798,88601565686739954017575,81261742961601974309018,1630861069
18783794,89473634427871275175326,80472065702827843044488,1630870435
18784964,89551824399795103305118,80402014101910428656931,1630873117
18793659,89871600065078306442654,80116787741929252696014,1630894380
18794033,89976715385028311809021,80023471747203043709032,1630895280
18795071,92491321128436514716669,77854185359354758487010,1630897686
18795148,92645366324969717857277,77725121767575136054847,1630897848
18795276,92757926764969717857277,77631086037780238763194,1630898112
18796772,91190411434104391717613,78969539037780238763194,1630901718
18797125,90362070642872421553802,79695623793796191611196,1630902576
18797125,90077821445089413093160,79947867703687833044714,1630902576
18809000,91869295551308001983064,78393450480047583143061,1630930369
18843779,92472743814031490929831,77883404019423622247710,1631010390
18852414,94829017526189694112935,75953849985251986756108,1631031706
18907843,93825658733867137160662,76768534145843365311350,1631165829
18907865,92322117974409514095442,78022534145843365311350,1631165873
18907982,93627982588640770619318,76937543808583498396016,1631166115
18937251,92108576418899293880638,78210510308583498396016,1631235870
18944764,93248269345256028707142,77257443654335285540888,1631255512
18959908,95485188722804681476184,75452846215992188078908,1631292205
18960851,96878192158961896248473,74371124168782507869445,1631294159
18961090,95588097571949128012039,75377886418782507869445,1631294679
18961110,94545669753447854818522,76211477668782507869445,1631294719
18961346,92398119144632528328250,77988142478046920250483,1631295241
19003926,93045942283987957416736,77446775421982028623694,1631396593
19012820,93175392509818035536672,77339499590328611982148,1631420296
19021843,93934564134622396777079,76716307993366651222515,1631442289
19050498,92452325721132143594721,77949960254912526522515,1631511784
19078417,93245230306834967822522,77289089643966697706804,1631579220
19089181,91917421848505838681405,78408941643966697706804,1631603461
19098536,91005372027330802907517,79197115393966697706804,1631624593
19155308,90206727059632510683615,79900396643966697706804,1631756579
19157131,89218867122804494427601,80787741518966697706804,1631761040
19204024,89473807122804494427601,80558239557103339933952,1631881554
19204038,89497704377969184169093,80536793789363035996532,1631881586
19204038,89769912496977997130801,80293313551219920142708,1631881586
19204038,90043779008265352126846,80049833313076804288884,1631881586
19204039,92255101003378341203832,78136685974081285947582,1631881588
19204234,91677612923302501607735,78630359180296356786173,1631882019
19204355,89080461482793649942606,80929734773104526343165,1631882271
19207207,89068305717441215330304,80940813046426262307728,1631888578
19207591,90189555717441215330304,79937526179617579096766,1631889500
19207666,91938095998561435447320,78421695201114114582787,1631889654
19207931,88891634335461383159866,81117422110502370740105,1631890214
19210974,89027682094866262459866,80993833736873899127797,1631897486
19210976,89072863836237562438378,80952873229755449354556,1631897490
19212485,89115361442992338966045,80914383935500903576939,1631900988
19212502,89161021473536861146873,80873071317269407651891,1631901022
19212528,91602028153559344324883,78724262912782229109590,1631901074
19212867,91324985899273806220662,78963798388981600418646,1631902032
19212867,90115048843580035366524,80027202482909273034635,1631902032
19212867,89846927986738944957673,80266737959108644343691,1631902032
19212876,87276741133173765102627,82637601900979195985131,1631902050
19212926,87242061285236443505586,82670550261829847430007,1631902150
19216468,87235863325215842854994,82676441537934483054780,1631911037
19218346,87213777222232962928289,82697441601743875708449,1631915894
19224017,87186962094315416782621,82722952470191839212906,1631929939
19224499,87175369887168900567883,82733985713679041252841,1631930931
19269528,86446317257133065954364,83433829600352958241787,1632044221
19291784,85144168630200755051550,84713660725352958241787,1632096959
19309710,84010411596235540490408,85860348475352958241787,1632137930
19311951,82012204343008569584604,87958609600352958241787,1632142974
19336625,82384085312224875235652,87562751054332655581714,1632200264
19349143,81564299886979115221344,88445473804332655581714,1632229470
19363520,81165915227743673639394,88880894804332655581714,1632263476
19363614,79869874306972417494121,90327496510332655581714,1632263668
19363651,78169591279350841883694,92298140593928794297018,1632263746
19363652,77967690073025451733075,92537870403140738568851,1632263748
19364012,76283824103274304595692,94586669653140738568851,1632264585
19373978,77019882169531414934296,93685416554802277057903,1632287877
19384465,76136999668894080159344,94775058929802277057903,1632314467
19408844,76866207659446974730501,93878626528086859851083,1632373494
19429202,77968946970929048890009,92554798715279265148960,1632421357
19441356,77995093673476417971647,92523864138553472601971,1632448992
19442873,78720338380277572015428,91673982317863096619007,1632452381
19485534,79589285179437861068974,90676066137437196184463,1632546263
19485836,79837347514386295543169,90395169458404384547983,1632546953
19519504,80610064217516230106545,89531228818102072040623,1632623189
19538058,79666714371797426006808,90594576438170843513319,1632665816
19538348,80076214660306131011072,90132669275308000591493,1632666549
19551939,80956258175899606795656,89155780149967798613815,1632698558
19568485,81884593240072683721121,88148008834762413326365,1632736905
19630455,81893911692722623266787,88138008834762413326365,1632878112
19639602,80789013198498550228220,89347041834762413326365,1632903977
19780218,80145439588425793814729,90066663834762413326365,1633228654
19849108,80163064511182907979362,90046920867191812642775,1633389692
19852032,80135989328779982912888,90077436156845833122482,1633396665
19852572,80111422675945943399247,90105142065784294661344,1633398021
19894586,81063428146691885729223,89050088490700367561383,1633493594
19979838,79957311943609860379558,90285699490700367561383,1633688259
19986708,78901582282878046530003,91497387525790680765097,1633703341
20007825,77896519330986548817137,92681488525790680765097,1633750061
20087325,78948974071102376129166,91449625372543683356887,1633927851
20092576,79746799499577506244439,90537436572543683356887,1633940759
20132663,81176830496045990578490,88947207586526170965990,1634032217
20160175,80262166850577806929673,89963895586526170965990,1634096204
20165624,80353671641837572550409,89861753904935766276495,1634109100
20167064,80379842796486514634965,89832583248343145759233,1634112634
20204167,79542860183472053411608,90780682848343145759233,1634201852
20214121,79412898712076336811710,90929695059003769973940,1634225444
20218323,79386029979772320417696,90960563426992575659993,1634236180
20231144,79370112042196707626144,90978860759794184402744,1634267166
20232774,78265177464463441936169,92267149841651943008871,1634272480
20233355,77139899053186195238867,93617147041651943008871,1634274338
20235495,76232028767117002161130,94735416768357487047272,1634280656
20235825,75307802991181558149869,95901569168357487047272,1634281792
20237297,73541586350512405101280,98211726368357487047272,1634286391
20238913,72401222211699677986728,99763276600926531831393,1634290685
20243093,72386169281706060069456,99784085111428543622853,1634301233
20247833,73900322594975551804995,97745604191428543622853,1634312808
20324637,75494461687125308570240,95687672167292625798777,1634505967
20338051,74570537610329847310114,96876803552280692131557,1634539179
20338057,74560016911018936594868,96890514366714436783042,1634539191
20347624,74517444344727882511529,96946035456458961561773,1634563247
20348216,74481239190704927217313,96993302495875529135189,1634564851
20353723,73414386841711786923704,98407043095875529135189,1634580191
20357328,73415135121902751716811,98406043095875529135189,1634590122
20362135,71808871049856766810834,100613872216834409681364,1634602562
20364167,72524042929043404749394,99624649016834409681364,1634607557
20367479,72548066929043404749394,99591757654020337069025,1634615867
20370349,72579906929043404749394,99548198866836453924259,1634623544
20371425,73164026929043404749394,98755800735670912384882,1634626276
20401740,73435754929043404749394,98391475359133222886002,1634700467
20404090,73658361350876116894294,98095011194987747941309,1634705925
20405389,73771126762253070025302,97945513821462515706078,1634709119
20406157,74099628511253070070358,97512594330930647161309,1634710959
20406157,74110431364393604870958,97498422851516162342154,1634710959
20406975,74617969036940173213672,96837232556244083288707,1634713027
20406975,74650013750964960555072,96795788276615745082706,1634713027
20448006,73491858886433958645696,98325778676615745082706,1634811935
20471781,73014703575096460117726,98970276822276548859464,1634868147
20475896,72027901523316079581247,100330276822276548859464,1634878169
20521360,71534759164615274123677,101024009322430954630843,1634990407
20522754,70822189288554266347375,102043510079951684457080,1634993415
20522755,70660117713467666266209,102278269337267927766166,1634993417
20524062,68863648916874205276965,104954464980750623062369,1634996367
20530865,69728986165907184515880,103655838380750623062369,1635011577
20589441,71078986165907184515880,101692902032233811761344,1635151164
20591581,71049681361796087583848,101734971999185010111097,1635156139
20616974,70245471591455767687616,102903195999185010111097,1635216068
20625361,68591379597375758053350,105392189867501100283974,1635236975
20637147,67195118976355983765279,107588744617262184170423,1635264878
20670274,66053755142212299350877,109453398701117477808370,1635344507
20672669,66036100706390760338625,109482748593668163016466,1635350087
20680113,66014416589751288598326,109518819203001978812316,1635368745
20686980,64562091722177996180526,111989859203001978812316,1635385015
20721041,62877597045318860108232,114999102120539471728914,1635465545
20791004,63818184788168569973602,113309191720539471728914,1635621841
20843472,63905629795988569973602,113154610054255394881326,1635739235
20879336,66108292205589595132884,109395346054255394881326,1635817967
20906294,66094926485357899016165,109417534553580388656195,1635878434
20919461,67539767757984114149927,107083697493323500033233,1635907842
21016778,69960680686353510084433,103388916103944212272083,1636126915
21165394,70021115890285850154652,103299948636209759593810,1636454097
21165394,70081551101467490776732,103211134371214908920511,1636454097
21165394,70141972972727490776732,103122492477521668587198,1636454097
21221897,72871815200956654970907,99270589588470833055412,1636577812
21256322,73019368755992450518416,99070589588470833055412,1636657293
21256504,72985186882291455597763,99117127911526584189986,1636657665
21265315,73185186882291455597763,98847071658597995150789,1636679978
21265315,73069535668001443545081,99003993176009397890419,1636679978
21265316,73037338791719872710840,99047768195820080006388,1636679980
21275770,75665969819189720118681,95616820131834580856812,1636705070
21290530,78445139138428564123775,92239092822618153406133,1636737624
21290836,81247804284583348777087,89066497302855211956220,1636738260
21290941,82741165553314624973169,87463708512261548816109,1636738474
21291764,83564739492556535336379,86604268797139581808981,1636740306
21291842,87262923316025043972114,82944544125318219575619,1636740470
21291867,90755980980076976700180,79761346285543428406496,1636740520
21292010,87088464602906417285800,83130406285543428406496,1636740814
21292073,83181631505858193553137,87046581989279006437074,1636741028
21292082,85787717379585890210923,84409946630756053590736,1636741064
21292332,85797655477491524684907,84400198602364597697906,1636741606
21292349,85840617056628442805088,84358084583782203462333,1636741640
21292353,85894759313489848326707,84305070363590621618022,1636741652
21292445,86086732765964848355891,84117632766143581063443,1636741840
21292445,86297492555964848355891,83912811539547552244740,1636741840
21293580,84869962720846892795212,85328488931547552244740,1636744182
21294818,86725533762021610807583,83508169122841660944972,1636746897
21294903,88112748994404808208108,82197328984571923006170,1636747081
21295797,85820646827239838299611,84399265204571923006170,1636749060
21297914,84118336087792447934980,86112400539183547873555,1636753608
21302043,82674869106467422060390,87620409339183547873555,1636762533
21317876,81807983867227831633695,88551680250626787114069,1636797999
21357755,81666342325141211904498,88705725812109713413722,1636890183
21358725,81651979982025927430436,88721375838448292200842,1636892204
21366682,81586882591405866737240,88792378781588956788953,1636909710
21367258,81551983322323004347966,88830490833967887671570,1636910964
21438388,79895921561266871327079,90677286396279445418304,1637067293
21486593,78844199576809680681865,91890492426430199284636,1637175316
21501319,78880622153713977555849,91848189863483923346681,1637206763
21502855,78908015515919255404269,91816399870582259851982,1637209931
21520581,79349502831310308633844,91307072884246864946288,1637249562
21678129,78064743207758804096976,92814291349573498145283,1637601290
21739373,77400360477489056864067,93613380154820193692746,1637743022
21739721,76400278633184899406708,94842469260345694681829,1637743870
21761557,77428477927098724942280,93586751919222891754567,1637792761
21816110,78297421418566687256669,92551209085416079131650,1637917053
21818940,78194056130261664835738,92673921334792868841340,1637923555
21819594,78185315822960803964854,92684312491370889107910,1637924907
21851052,78150492266081386931008,92725736534420017605262,1637995852
21853741,79674809023740979709892,90956953475291153262349,1638001794
21879575,81207747797304938425488,89245035303029659976803,1638058974
21917369,82494546096380328937008,87857050252640914873118,1638143390
21935104,81661549488579545670418,88755941344098201299752,1638185885
21948974,80412320746099650317144,90138939649220613436436,1638219295
21954148,79192030078458266274610,91532093566306040571110,1638231439
21969746,80012843596617973959687,90595897708679226380735,1638265979
21983366,78792320147311667460802,92003485894608874646062,1638297380
22008013,77985551113281439602922,92958135943372171119905,1638351474
22012082,77239682251091536914119,93858491909201316920911,1638360406
22015440,75740702850475978837089,95721628723481732193901,1638368014
22031133,74447951614868966570329,97388788140567159364756,1638406626
22068260,73228569210633039924616,99015359715567159364756,1638490275
22068780,72620487044240247200166,99846952133067159364756,1638491446
22085112,71530015398795637757179,101373694344122435864756,1638528425
22090100,70989286741368661027443,102148185904402118792213,1638540184
22096360,69992144563174219079760,103607817602894581126887,1638554024
22102821,69383821709100623397805,104518932783799103790204,1638568430
22116753,70065475159964657885483,103505109253653731113217,1638601330
22122284,70742616353165511063113,102517312636868453648067,1638614264
22124922,72159443615159612491924,100510338930450685574517,1638620348
22136428,71427024939223263324034,101544081563616514703161,1638646043
22149243,72372998864427303512121,100220747775073325486932,1638673515
22161472,71690820905335009809922,101177273403214029023616,1638700787
22164510,71023700521977996428759,102130483704721566658290,1638708032
22186221,71921368125781667471892,100859545540934593287154,1638759142
22188852,71427315862770253960580,101559275407522656142085,1638764990
22188852,71411881853028082025319,101581291119130313081935,1638764990
22189352,71723694397844673993444,101140994365564801578926,1638766150
22198982,73193458768258555813931,99115999223807363230561,1638788499
22207563,72051434324470474453264,100691727666018418497898,1638808346
22209281,70744392401737328348789,102557661032852589387848,1638812489
22217304,69645804175926634445397,104180266489133996395889,1638830412
22217783,68517553504321943740835,105900922511244549227548,1638831526
22221002,67832857776731824228515,106973088653958117063227,1638839195
22230421,67140157073362754116504,108080075990641534199408,1638860410
22230659,66100984064312644582922,109784314663336514864749,1638860903
22230919,66090764942459401018821,109801340871392096560930,1638861439
22275956,65074656033426949592643,111520994036216217246860,1638963236
22297080,65189389222857868438946,111325305115605074537812,1639008711
22298225,65753430386978159133729,110373183085332635981135,1639011075
22320667,66638497778462596423774,108911587668182508958571,1639060209
22324781,65427703045110821438019,110933152994815674958571,1639069137
22368851,64653955240169508748016,112264743011065674958571,1639164832
22386321,65277215887359538369499,111196034992514826956762,1639202804
22423298,65987466961108418376792,110002736958960369008636,1639284690
22436511,66647311988364572605750,108916884401457351897221,1639313133
22465614,67306925207986724358120,107852661166676030458174,1639376442
22470410,67983585394286000401975,106782361104406054333259,1639386720
22479143,68786522973009335524655,105539598108797439276242,1639407434
22518509,67947616657347700135067,106846549735933117610916,1639496447
22528524,67304876955697890166768,107869969822324339391160,1639518820
22533480,66503251068079774372223,109174139973078108157492,1639530676
22536480,65892098108683309227954,110189783263503243662929,1639537120
22588498,65123900058093335349023,111493487179774600494588,1639650753
22658539,64325036708223457231103,112882309844096208629262,1639805713
22663765,63893604617092495819512,113646824447111283963433,1639817213
22720005,63297987289083132114332,114719428836582606817757,1639939402
22722250,63278056858008698697288,114755670270750972833502,1639944299
22733332,63457299168008698697288,114432499599179676477198,1639969372
22736059,63471302780849452307350,114407328190952677586991,1639975509
22746070,64187177593461879111656,113135137141175129156858,1639997173
22779783,63594031476837438543458,114193531906470580371394,1640070639
22781297,63004682638425289168479,115264917866269575371394,1640073942
22791224,62340993276402372026140,116495733845317436803249,1640095575
22808812,61735197642772649559332,117642323869940552403249,1640133856
22813920,61104837973172592257610,118859578005997048506996,1640144787
22824552,60213498219331006967304,120624349349841269439660,1640168373
22831341,59472880810454021545525,122131007641298555771319,1640183869
22851013,59049540609294822108477,123009228545821168875340,1640226511
22883330,58132388361760723838662,124955779627024046490760,1640297714
22885417,56962410113290394617699,127530029035436365133093,1640302476
22920679,57384261707940759125970,126595303533601233953474,1640381299
22960444,56977703089834000954597,127501329552701344503554,1640469205
22966570,56201234188281806043195,129268171773850792358549,1640482383
22976834,55750215934286120678000,130317095753169948124280,1640504466
22976834,55532473978650469026754,130829604559076543125087,1640504466
22978047,55519163873444649903477,130861063887092735995952,1640506972
22982061,54931888256440190868833,132264306389102786237159,1640515726
22986725,54660281701346022322914,132923504390725480434627,1640526157
22998489,54641222559715866981144,132970008309746504733607,1640552233
23002241,52242634751544019796022,139093358369089192423072,1640560998
23002244,51796855862486105559211,140294038528240912133792,1640561004
23002275,50895524021446984927212,142786045092903589635512,1640561066
23002305,49062772019259527761678,148135902750051789930426,1640561130
23002307,49640494175002929644343,146416991013196724653493,1640561134
23003394,49186164293650252862256,147773506213186322248821,1640563504
23003471,48317962441290677404888,150436765903106456270309,1640563662
23003521,47576391565129597339345,152788672095365896776022,1640563766
23003778,45321290294466937428486,160414022089634996533244,1640564554
23004195,45975446578262338211248,158138340029337631788699,1640565412
23006223,46000296126560157349104,158053169193525352603963,1640569884
23019581,46586715573099230981374,156069537503031968554680,1640599337
23041240,47330741028427000800463,153623414602886477221836,1640647399
23042826,47956957262810732862436,151623357996807698491067,1640651006
23062892,47473815508937863334088,153171074402837849287550,1640694318
23062998,47418278380329965896245,153351010891150769413514,1640694538
23066691,46563501457521792283689,156174581436260627695072,1640702323
23072897,45277049216197793620879,160625306270965380473371,1640715796
23072901,44258337177265325278765,164333608788242265742239,1640715804
23072918,44821650613982529819269,162274400913946751968308,1640715838
23091924,45440025835403176786349,160072608288328718572355,1640757166
23096772,45028053190354626223412,161541558488328718572355,1640767176
23098365,45627102471874834628250,159426919697437637597616,1640770458
23107104,44774731404245851284268,162471042774360714597616,1640790060
23153497,44222230284511980625070,164507021943591483874540,1640893102
23261735,44676261160142718844288,162840153187911643960668,1641127883
23284288,44675823510875818992424,162841753187911643960668,1641177903
23288398,45143688035903757747357,161159088767849104503363,1641187164
23382718,45442845505299281138567,160101314807639712118475,1641416622
23496010,45914211358689905785202,158462558328118625492688,1641681795
23581525,45445784848232349506915,160100805257661493236117,1641875857
23595946,44734738358486989132353,162653221226892262236117,1641908054
23641639,44956272680208654819617,161854095761488805956661,1642011772
23641648,45228636759397939500709,160882326784932559124612,1642011808
23643832,45373904879625803312685,160368789679543706675159,1642016982
23812100,44725053279474094320746,162702350941082168398236,1642390951
23834610,45342994035492499894118,160491581824251962394591,1642441186
23890469,46355941131458349156415,156994890888353330001420,1642560981
23936865,46376109656447928620084,156926820054986139685082,1642662136
24009918,45369364790439438878367,160419499600280259462412,1642820287
24015366,45841371490301572139573,158772641077192543646952,1642832073
24089749,46337821860942352487168,157076644349696160885971,1642994581
24135215,46758294255879128606839,155668337413560973890046,1643091519
24180777,46271156576346394667402,157312128028945589282354,1643188789
24226000,45498176548424570937967,159992785528945589436201,1643287830
24241734,46547398629109828559094,156396973887872043518857,1643321967
24249751,45641208162366242542013,159511525587872043518857,1643339024
24296564,45639188163251407153590,159518606841977686171977,1643443302
24321247,46109415770853223143957,157896653722082197336182,1643498488
24343044,46660954567608663083210,156035827003611390440585,1643546334
24389799,46727386512990096808110,155814656698657839625619,1643651229
24414660,47535219103977071635477,153174489215120662688071,1643705176
24418979,47471512428320536508688,153380667611458349923661,1643714467
24440363,48201080004477020903724,151065970028179872599726,1643760903
24440469,48943389887539239557420,148781566828467270130290,1643761123
24440470,49021777860918549570620,148544371162976835777840,1643761125
24529296,49812904520727459298946,146192160550647948192934,1643954200
24544805,49819890403011352629413,146171722572947541019749,1643987713
24659017,49230980788607816025979,147925515697947541019749,1644243507
24660617,48506794967316029340521,150140626072947541019749,1644247065
24669069,47781530071085918734658,152426433655447541019749,1644265539
24799616,48596033786102419088539,149879195633122805566247,1644551752
24813314,48270537103633245060675,150892898397094907102315,1644584080
24813314,47594998067684108654006,153041039369084913468523,1644584080
24813316,46364576305336197984346,157114658829103717326566,1644584084
24813316,47307323071250333626298,153992862919283618513878,1644584084
24912257,47862281235751357307292,152212626385780515924025,1644800748
24928825,48222274291473599370825,151079699198767513418367,1644837021
25208295,48809437924416659490425,149267640399967161107785,1645481603
25293611,49528707214033550196267,147106344285707072701848,1645714636
25326910,49465258074227255556509,147295605535707072701848,1645805553
25330563,48804892779542995059344,149294618035707072701848,1645815612
25389546,49180213203566363199314,148158663252481912443823,1645974439
25446306,48759923771493204907151,149439569502481912443823,1646112520
25512083,48009343914157553265638,151782943377481912443823,1646265267
25614301,47277266136207671067335,154140340131740149819248,1646496750
25614336,47802518894759914931911,152451675732141873834143,1646496824
25678692,47810056389661399121193,152427713054710865898609,1646640880
25700324,48672034215465842821466,149736185918298921146279,1646687913
25910435,48045815943112627231012,151693685918298921146279,1647208475
25959169,46511714666326577508714,156712071503035042758778,1647323999
25959175,44884736384888571356711,162409650688998099731599,1647324011
25959175,44809376874258255820870,162683609857206591599275,1647324011
25959437,45351089007692367339660,160746138169255296583524,1647324679
25989726,45975065193629025882333,158570938888758950973871,1647398963
26048441,45312287945571487622705,160897315587674847473412,1647543033
26048457,44028404600572940001519,165603254186259146113910,1647543069
26048641,43076266539129195094878,169274686948771089334526,1647543577
26048644,41512305764857919138742,175671237858292129367432,1647543583
26048648,39146670723778018255070,186319001813933527831234,1647543591
26048651,41489640401227905627287,175827132169952417892537,1647543597
26048651,39762775743763983754975,183487137975112505379727,1647543597
26048668,40151309563534115360725,181716855761740880805181,1647543631
26048729,41471503577164151370939,175948927802638149864124,1647543757
26308409,40933235109168679661019,178269602867155049864124,1648130531
26472254,40945953609168679661019,178214395407431953716263,1648496477
26484970,41621453526753798900315,175330582088615585533477,1648524127
26655049,42289253976373097916513,172570067218559586032924,1648901359
26731084,42995880543083314370918,169742290246800067057570,1649069272
26828310,43695678429685026766459,167031847598097475935159,1649281283
26898253,44360304051047728842357,164536698343625432865232,1649437875
27210205,44931773524465034385569,162450219511780410535837,1650123708
27431921,44534654039987688103840,163903161442491794479331,1650608639
27431923,44465431323987744545433,164159089734264202879459,1650608643
