block_number,reseve0,reserve1,timestamps
18731738,258000000000,102560000000000000000000,1630743646
18772931,251008253211,105425368908234775623220,1630841478
18813407,251023198917,105419110801867272266025,1630939988
18822406,251023193668,105419113012976713499995,1630960175
18838238,251055656376,105405522701224748053928,1630997258
18838510,251555656376,105196642618209853934305,1630997948
18838620,252055656376,104988590003251385132220,1630998234
18838766,252055657376,104988589587971580170960,1630998604
18838766,252055656382,104988590003251385132220,1630998604
18840357,252152763389,104948278907834511897138,1631002305
18840502,252158968742,104945703994694648395275,1631002655
18840725,252237742207,104913027902765598933463,1631003245
18848586,253237742207,104499979172139387246850,1631022131
18849346,252243709691,104913027902765598933463,1631023965
18849794,245255903638,107911193631242372940247,1631025053
18854601,245297271014,107893049877966731605326,1631037072
18855874,245484403047,107811049877966731605326,1631039955
18860538,245461479184,107821148743262607892074,1631050596
18866951,245447887580,107827137272994736156463,1631065909
18867046,245450170760,107826137272994736156463,1631066103
18867066,245569257450,107774004711420061788545,1631066143
18867070,255549301310,103577209129432585171395,1631066151
18867314,255421128226,103629341691007259539313,1631066783
18867968,248106657595,106693647210190326101873,1631068777
18868290,242014492085,109387499159998232688497,1631069441
18871823,241996920318,109395465854083312096160,1631080189
18875650,233920062731,113184069015785125155744,1631090669
18877740,233950730217,113169276760180183526432,1631095362
18880758,233971726177,113159151733572382005289,1631102101
18881987,234035490948,113128413119759422417449,1631104898
18892935,233178693266,113545345817732785339157,1631131232
18905174,232555681848,113850446536284658820272,1631160067
18917351,232555321426,113850623516769716829148,1631187423
18917544,232498786808,113878390840955969280489,1631187869
18924036,241298987369,109737239812094823303972,1631203389
18924096,252634444462,104827549166182290230052,1631203631
18925992,252625561222,104831246378771802054063,1631208134
18942259,251313974577,105379998154072461902174,1631249174
18942942,249458280973,106166267554072461902174,1631250840
18943998,249458267620,106166273254072461902174,1631253296
18944126,248905938000,106402568231936394758936,1631253814
18951236,248710517722,106486423901242455652730,1631271692
18952654,248644098056,106514954942277400604659,1631275036
18959298,242399370545,109267265491131012976246,1631290693
18959576,239010388971,110821252362026924027258,1631291393
18976706,234491032029,112963542561185908043130,1631330559
18984259,234430018117,112993031476409820314179,1631348524
18985752,232577355092,113895818917895534642330,1631352114
18996730,232521591753,113923215608645877752228,1631378229
19003975,232817722742,113778745875523834306064,1631396941
19004032,233325052631,113532091848465977854997,1631397061
19004654,234132774524,113141594638064848872687,1631398595
19006468,234087129369,113163722746668396573440,1631403461
19007839,233965492925,113222732523820927991529,1631407302
19008503,233955817302,113227429123820927991529,1631409085
19009062,233151526246,113619199384018407284413,1631410461
19015241,233161526246,113614341020025651353656,1631426361
19019007,233151586154,113619199384018407284413,1631435154
19019934,231261758631,114550467881999008453915,1631437454
19023848,231223093075,114569680863503460660732,1631447330
19030046,242779845423,109131544896051000440316,1631462497
19033573,242722932942,109157210521570063705734,1631470959
19037804,242704464975,109165541549682799512628,1631482558
19042990,242180452116,109402456940310629119517,1631494487
19045123,242151597370,109415532546736313568172,1631499536
19046233,242109984240,109434395144943531054640,1631502041
19048229,242099155870,109439304546018849549349,1631506300
19048991,240107726566,110349714346341123566073,1631508147
19050619,240076261416,110364220646021817032040,1631512030
19057984,240074087545,110365223001408941524047,1631530347
19059039,240069514907,110367331468919115520140,1631532980
19060762,240067220975,110368389243453250486533,1631537197
19062936,240037532790,110382080838637877320796,1631542603
19063883,238420422512,111133011094042177020796,1631544913
19064914,238383869963,111150102930733508767421,1631547423
19065177,238381801733,111151070184653508615193,1631548145
19070655,238378549201,111152591337800123305494,1631560832
19072992,238249545209,111212957769593572537325,1631566053
19073393,238222700985,111225527557623462056855,1631567263
19077332,238223944843,111224948549001043693462,1631576723
19080437,238191491233,111240148557744627663962,1631583764
19080937,238186062313,111242691658254807469851,1631584816
19083529,237427139537,111599342749431769545972,1631590462
19089765,237439943611,111593342749431769545972,1631604665
19090680,238006053965,111328706313851179908441,1631606958
19090693,239618776860,110581655756358141416050,1631607002
19090853,239048418800,110846292191938731053581,1631607330
19091384,236005085765,112279978477139019594826,1631608424
19093580,235954176726,112304276693566782883433,1631613303
19093581,235957398315,112302747973360795606021,1631613305
19099105,235917366469,112321861504807987531010,1631625896
19102431,242690058904,109196464597678633105446,1631633280
19102909,242675919105,109202846203599605451722,1631634268
19106944,242670576346,109205257703599605451722,1631643291
19116519,242629018202,109224018954837112030259,1631665417
19119508,242614312011,109230659546910757564215,1631672293
19119882,241872633237,109566612540364736078339,1631673083
19124598,238745520399,111006045349653014362905,1631683848
19131421,238645724721,111052604982916977683033,1631699726
19133175,238577350481,111084527482916977683033,1631703973
19133283,238557010181,111094027482916977683033,1631704285
19133827,238553934882,111095463952554909618425,1631705594
19134357,238547372517,111098529351308810514539,1631706730
19135108,238502357158,111119561381839167926990,1631708623
19147505,238499567593,111120864981839167926990,1631737956
19153366,238454094437,111142119475974804021414,1631751931
19155069,237694778366,111498231359827947577915,1631755953
19155335,237707569130,111492249769272034450275,1631756637
19157154,237714812498,111488862699189255189414,1631761086
19157829,240524924747,110190172849215035506292,1631762659
19157883,243335535764,108921211834820865626125,1631762767
19160645,246244422729,107638339449206274706456,1631769811
19160834,240981782763,109996054292160695946264,1631770317
19160924,242440128013,109336370294805589127015,1631770501
19161889,242429832153,109341027722165916772737,1631773136
19162647,239200418292,110821668696596487066419,1631774979
19163132,237457086963,111637732896596487066419,1631776104
19167363,237438207578,111646636239702434011255,1631786127
19169507,237337234396,111694278312671023095929,1631791403
19170460,237293521006,111714916159439865315918,1631794140
19172364,237464804719,111634577592615194400102,1631799218
19172766,237460337062,111636684242331338831430,1631800374
19173165,237400146703,111665073741266387176318,1631801461
19174762,237371699886,111678496041266387176318,1631805687
19175859,237357396090,111685246339366842554001,1631808944
19176078,237305304594,111709836424632817414011,1631809574
19184667,237289867114,111717125853087817414011,1631832719
19187666,236542361449,112071229301758410591447,1631840374
19191069,236503268548,112089809902039418489568,1631849500
19192246,236492429110,112094962906465279488646,1631852317
19194441,236513632061,112084943972713009461321,1631858166
19195817,236442798414,112118623472713009461321,1631861608
19198031,233631594216,113471765612243968232937,1631867506
19198890,233623850000,113475538318278174325697,1631869661
19207384,234183673747,113205083186375772009819,1631888994
19207394,238169481008,111316165318719705121593,1631889034
19207499,237593951589,111586620450622107437471,1631889310
19208713,237577807904,111594225705712280603072,1631892135
19209391,237572772033,111596598305712280603072,1631893646
19209888,237563824518,111600814085712280603072,1631894986
19210073,246909597803,107388806850150813452736,1631895496
19210283,247515232376,107126828084533612632337,1631895931
19210283,246913217335,107388806850150813452736,1631895931
19210283,251899087158,105269497735580004396335,1631895931
19210372,252025344483,105216918928495402762901,1631896117
19210545,252644578262,104959803233383724518021,1631896571
19210545,253248121524,104710410701451957365468,1631896571
19210545,252660493281,104954675017136403023475,1631896571
19210545,256644975466,103330038173994140643678,1631896571
19210545,256613155682,103342889553421373230550,1631896571
19210545,255997222990,103592282085353140383103,1631896571
19210998,255999908916,103591198465870043549916,1631897534
19211261,255989708506,103595338680459329587909,1631898076
19211407,255824664799,103662373680459329587909,1631898508
19211917,255439759831,103819045544557354504892,1631899716
19212012,256051422817,103571781875295881013668,1631900010
19212028,260034635588,101989955284105108492797,1631900042
19212188,259407616460,102237218953366581984021,1631900374
19213911,252963252266,104849599907397544622869,1631904763
19214151,252884269358,104882445940414074635480,1631905339
19214480,252935710239,104861179417940157445590,1631906273
19221158,247551922395,107148574663581067246216,1631922851
19224193,246595197584,107565533961279733349327,1631930303
19224289,246588775626,107568343740162827134718,1631930499
19225163,250904742125,105723450465512227054762,1631932584
19226013,250868358412,105738829791705926717556,1631934952
19230755,250837774424,105751761042039314284133,1631947976
19231216,250857774424,105743355121097157594276,1631949190
19231387,257860618469,102880014177420007958684,1631949656
19231593,257851898206,102883503933840370696101,1631950224
19232531,254001978029,104447606450715699117938,1631952815
19233429,253884229591,104496193750715699117938,1631955051
19235290,253884093484,104496249939735210595515,1631959574
19235657,253922598743,104480451479701393540902,1631960460
19235986,253932598743,104476349327281918447633,1631961522
19236020,253922658651,104480451479701393540902,1631961590
19236046,254234003432,104352884066729847753095,1631961646
19236939,254221610560,104357986399949078113258,1631964000
19237201,254338748892,104310067377035924154323,1631964540
19237460,254439171746,104269021410657687469246,1631965158
19237961,254585621202,104209220871883178877939,1631966749
19237961,254732199179,104149436601233211566448,1631966749
19238471,254761416421,104137528081089601121573,1631967809
19238639,254754644709,104140304522567762004448,1631968157
19242027,254720085212,104154476417124389188352,1631976248
19242071,254824144991,104112071525858117380356,1631976340
19243296,254819192690,104114100987495980696672,1631978997
19243338,254813925415,104116259612926517988847,1631979085
19245245,253080991865,104831325041115023206185,1631983951
19245697,253078584958,104832325041115023206185,1631984887
19246224,253219584958,104774126389625333930696,1631985978
19246573,253154134200,104801296321411551291061,1631987080
19248436,253115607726,104817296021411551291061,1631991434
19248705,253215607726,104776025671260987693994,1631991992
19248832,253534296591,104644718365588977596332,1631992254
19250238,253818100042,104528061846916187243863,1631995791
19250593,253918100042,104487019242717451454203,1631996525
19250622,254018100042,104446008904793193800932,1631996583
19251911,253959633974,104470126604793193800932,1632000041
19252857,253979903442,104461814129265153517992,1632002490
19253005,261307101038,101541188117642319893018,1632002894
19254625,260340886335,101919176407278899031911,1632007558
19256973,260333188220,101922199250489343451920,1632013433
19258789,260291495093,101938574130302208509577,1632017946
19258894,260291631501,101938520868807588967861,1632018164
19260909,260287739809,101940049589013576245273,1632023461
19263350,260287795146,101940027981648717023551,1632029543
19263639,260287809272,101940022465889738482901,1632030269
19264876,260281048908,101942678154330833051221,1632033239
19266191,260021792422,102044626636356327024857,1632036517
19266927,260008088897,102050021002492964348090,1632038176
19267043,259966888969,102066242702492964348090,1632038576
19270578,259926815506,102082025818922752734739,1632046744
19271526,259921842453,102083984818922752734739,1632049120
19272055,259917664352,102085630727127978660308,1632050311
19274257,255392845957,103899733485846023804611,1632055755
19277205,255019819235,104052168693295827921678,1632063044
19277985,255008397090,104056843344239822393433,1632064652
19280888,254996181114,104061843344239822393433,1632071807
19281147,254913222118,104095811149083058181008,1632072341
19281896,254877256289,104110544349268669122595,1632074271
19282978,254870414287,104113347609247183289884,1632077021
19285148,254764488804,104156765909247183289884,1632081755
19286159,254789024476,104146765909247183289884,1632084025
19290625,249915075136,106183991799552752483868,1632094415
19293011,249906580704,106187611899552752483868,1632099536
19294942,249863400239,106206018067110923442554,1632103864
19297821,248559604869,106764787773213694515895,1632110127
19298701,248549034983,106769341753419255486907,1632112043
19298839,248423914858,106823278553419255486907,1632112327
19300084,248409123867,106829658256699716784205,1632115022
19301474,248400909641,106833201575089061143498,1632118149
19303906,248447857509,106813074425845976716379,1632123559
19305675,248336781634,106860993448759130675314,1632128216
19307164,248298650309,106877453515699420035689,1632131879
19308244,247400890992,107266453515699420035689,1632134497
19308285,246510200734,107655194715699420035689,1632134579
19310530,240168580640,110506369637035676738543,1632139647
19311725,239818453427,110668190839247325954958,1632142351
19312237,236621503611,112167907655807236800253,1632143562
19312803,237187878303,111900866476689419555833,1632144998
19314899,233426761902,113709307790831807012137,1632149578
19315529,233476759402,113685030731184337826025,1632151007
19316034,233393646809,113725636331184337826025,1632152308
19320661,233354910021,113744571530633561741433,1632164075
19326541,233028220659,113904513336523293379637,1632177099
19327738,232191606371,114316159939544515882188,1632179713
19328397,232491606371,114169091852515886426296,1632181081
19328423,232776606371,114029727780384811846333,1632181133
19331161,232729761643,114052749180384811846333,1632187518
19332191,232902807763,113968262348245739341154,1632190061
19333486,232873177130,113982807231491866654092,1632192975
19336081,232866123587,113986270173610931660814,1632198847
19338739,232858091629,113990213725112557437039,1632205026
19340400,233313067636,113768590792183154951883,1632208746
19341323,233859067636,113503765775859274575118,1632210833
19341892,233815299319,113525076687884876430230,1632212218
19342218,233610787600,113624759883544873205466,1632213021
19342564,240092726697,110566113605125735251674,1632213989
19342835,240056493483,110582852250112736712593,1632214547
19342852,240033749535,110593361850185586512764,1632214590
19343654,239996519674,110610569453144513746269,1632216372
19343743,240496519674,110381294980238022716767,1632216682
19343764,239444458974,110867742880238022716767,1632216728
19344250,239944458974,110637406595055395633557,1632217856
19344425,240444458974,110408026839362075504473,1632218218
19346873,240356467112,110448567627616343324462,1632224085
19352879,240288927598,110479705512276563423418,1632238542
19355493,240274968156,110486143451789736785287,1632244596
19355697,240299968156,110474683325489355621628,1632245023
19355969,240262922425,110491768484448443627267,1632245587
19356801,235585532430,112692108173000348071683,1632247433
19362480,235542960524,112712537370694711612183,1632260883
19363471,230967018745,114952328859209623839251,1632263182
19364345,230861740151,115004907666294225472685,1632265309
19365655,230843848184,115013848149713536253924,1632268806
19366751,230824601930,115023466909873949330333,1632271256
19367063,229710194608,115583166491726581175420,1632272156
19369781,229672245930,115602321730465187534286,1632278243
19370383,229665341125,115605807730465187534286,1632279687
19371127,229653428435,115611822533765019799751,1632281334
19371573,229529027723,115674670660795841107277,1632282270
19372004,229187968162,115847326602338968988417,1632283288
19381198,229138989496,115872163584204299118242,1632305917
19383014,229092811844,115895589919191261729905,1632310956
19384488,229614697919,115632961901989478755714,1632314605
19384492,230551669620,115164428771212952623118,1632314629
19384492,230028671862,115427056788414735597309,1632314629
19388940,230018060408,115432397823858593145114,1632325540
19389558,229544800681,115671104545383054386862,1632326813
19393548,229564800681,115661057349904372434297,1632335820
19394165,229498836850,115694401325783635143149,1632337362
19396886,229486536134,115700621325783635143149,1632343538
19397655,229986536134,115449836489081050832400,1632345408
19406969,229826143021,115530650089081050832400,1632368663
19407433,228676338944,116113295959462830670439,1632369803
19407578,228621963678,116140995352075472278095,1632370317
19408884,228296656337,116306986412470001813119,1632373574
19410880,227806925458,116557771212470001813119,1632378463
19411797,227787035368,116567979522230023704016,1632380609
19413051,227769424023,116577019788683574154806,1632383459
19413095,227699521694,116612915893004173874806,1632383551
19415332,231763070708,114574344508186887486723,1632388941
19416211,231754303600,114578691820036724249248,1632391147
19418114,231656524952,114627199242242367594661,1632395714
19419120,231588479491,114660980415755576052871,1632398201
19422864,231552661261,114678770370461555649098,1632407008
19422892,231532532171,114688770370461555649098,1632407064
19426881,231524326221,114692847532681721558597,1632416158
19427007,232031612160,114442847532681721558597,1632416415
19430463,232000583423,114458199658840340712889,1632424275
19433525,231988311843,114464272419292516315379,1632431618
19433567,231976041560,114470345181377300683031,1632431706
19441562,230992646090,114959141452298010466720,1632449418
19442779,230995453294,114957748586648153004011,1632452189
19444859,231021550240,114944801538941115221905,1632456820
19445010,231036859190,114937207921534079948062,1632457134
19445023,230997811463,114956695298443517154987,1632457160
19445351,231039306780,114936110677376557213358,1632458092
19449434,231035262200,114938128841869027645527,1632467266
19450110,231097532872,114907250933405339065011,1632468991
19450456,231104790648,114903653131512998189765,1632469707
19451239,231087384477,114912334050505348667524,1632471449
19451553,231082243226,114914898379369147825435,1632472097
19453584,230988877686,114961486664442621994567,1632476442
19453630,230598720710,115156578770132620462322,1632476534
19454253,230548851665,115181562753601390172564,1632477849
19456330,230534867171,115188570816213542363472,1632482298
19456897,226193828224,117405884632053499158864,1632483470
19457777,226185893415,117410015732015924369630,1632485427
19458056,226169981303,117418300929396298919630,1632486133
19459961,226058130788,117476572736929128358234,1632490187
19462524,226048538462,117481572833073047699636,1632495741
19462579,226034009037,117489147250953303266828,1632495855
19465231,225816063800,117602882516025019197379,1632501645
19468638,225767277264,117628372044555804314007,1632508820
19468901,225851355997,117584713305728727685555,1632509362
19470479,225833446284,117594066416454456257955,1632512824
19471220,225834946284,117593287697603703698544,1632514608
19471960,225850849223,117585032386434023551355,1632516321
19473915,221274857765,120024022386434023551355,1632520735
19476117,221259309059,120032482296040938296788,1632526241
19477755,221264442196,120029706003640749837442,1632529890
19478330,221220024502,120053878703640749837442,1632531080
19479123,221186155726,120072317076750617558995,1632532718
19479520,221186008104,120072397455966063901104,1632533539
19479773,220178138693,120623684888889468178752,1632534121
19482185,219863782023,120796669081751180074685,1632539167
19482504,219855241508,120801375679024740409373,1632539825
19483774,219787337784,120838809800594831876828,1632542441
19485684,219780869070,120842377098691843489506,1632546637
19487464,219517489162,120987801611244474760769,1632550703
19490076,219527459584,120982323113444028756106,1632556603
19495141,219526329558,120982947752102788309602,1632568395
19495529,219500125339,120997434318279774364156,1632569323
19497259,219490206389,121002918749128789842947,1632573299
19497415,219388011161,121059453881640165190285,1632573751
19497881,219376303619,121065933949772276122500,1632574726
19498043,219372763802,121067893358340532849885,1632575063
19498824,219381540467,121063064398027251839045,1632577062
19501918,219174600457,121177713524027030441980,1632584104
19502030,219175600457,121177162303080058197727,1632584349
19503109,219207380441,121159647122174688462694,1632586718
19506047,219219521257,121152957187415946177622,1632593060
19514706,219199170833,121164238858375338027327,1632612829
19519485,218179045996,121732462871762396038852,1632623147
19520003,217931931697,121870911373351910833761,1632624219
19520611,217721846718,121988861359683672952915,1632625601
19522266,217597810304,122058607423627692641213,1632629302
19522502,217565972703,122076522663343044809961,1632629790
19523979,217354680249,122195551443954638116275,1632633738
19524069,216063814192,122927801443954638116275,1632633940
19526005,216058072087,122931078287013893917064,1632638365
19527641,212628520336,124919838287013893917064,1632642139
19527928,212613184151,124928876101577625755567,1632642733
19528331,207643712714,127927756101577625755567,1632643567
19528583,207874375626,127786229460653186163761,1632644087
19528842,207455325925,128045128145289343801778,1632644749
19529038,202809189899,130987328145289343801778,1632645155
19531627,202772585480,131011045071878606785280,1632650770
19532489,202792585480,130998163136350904615953,1632652701
19532943,202776816004,131008381209602701807088,1632653720
19535339,190979363238,139125571520134931005019,1632659432
19535460,193985453287,136975983998931316377918,1632659682
19536715,198783693158,133679338581063289405055,1632662660
19538129,198705262565,133732261679234218166914,1632665998
19538664,198523918472,133854788624815127806825,1632667247
19539281,198523754302,133854899649668789015444,1632668523
19539917,198350860194,133971926420570970515683,1632670103
19540640,198345914862,133975276776102647560217,1632671871
19541246,203145000869,130819523836680382989561,1632673120
19541252,205643750869,129234664056311517742552,1632673146
19541304,203159789926,130819523922636250162231,1632673354
19542934,203234789926,130771392199054304969243,1632677035
19543197,203292988091,130734067598323009153230,1632677577
19543294,203281266248,130741628823336940012793,1632677775
19543837,203280235873,130742293513368486934961,1632679026
19544934,203253866282,130759306694735338189498,1632681466
19546826,203225911557,130777347403481349869114,1632686524
19548780,203209974495,130787634684585433923933,1632691066
19550559,203167977988,130814750922974897290272,1632695426
19550565,203164063617,130817278920925030206862,1632695462
19550827,203664063617,130497080587053926190757,1632696194
19551619,204164063617,130178448250546423438742,1632697898
19553403,203404597600,130665967213606943456912,1632701958
19555695,203228388786,130779601812642163077644,1632707713
19556647,203217193957,130786827877963258829641,1632710318
19557399,203158405008,130824788188056423525053,1632712422
19557477,203266838309,130755208569969915440512,1632712582
19558528,203766151351,130435762009854314000154,1632715264
19558529,204766151351,129800665050924893547575,1632715266
19558529,204264952216,130120111611040494987933,1632715266
19559278,204223079420,130146871013706776890695,1632716820
19559799,204365123602,130056683489913645478929,1632718022
19560195,204557123602,129934976456468729166677,1632718842
19561525,204545245754,129942544424753865496173,1632721582
19566072,204677165105,129859044424753865496173,1632731281
19566133,204703411258,129842444424753865496173,1632731407
19566335,204690250881,129850817648852603566805,1632732079
19567075,205186863124,129537481233782976403339,1632733609
19567075,206334289423,128819271569125593387729,1632733609
19567075,205835123793,129132607984195220551195,1632733609
19567446,205818053967,129143350015426672171252,1632734631
19567785,205349748896,129438750752303454178688,1632735329
19568250,205289691582,129476731885600565180416,1632736291
19571708,205260267111,129495348484746549061245,1632744072
19572169,205242232596,129506761404673090077035,1632745026
19572289,205392232596,129412464856275315730952,1632745275
19575244,205360136621,129432751741964170099932,1632751498
19577987,205590354926,129288248391288936079279,1632757259
19578826,205583168849,129292781208835466491404,1632758989
19578927,201798962523,131724621208835466491404,1632759195
19579066,201952962523,131624475209955602055758,1632759481
19579843,201947167352,131628263733904795674216,1632761639
19580655,201945785840,131629166913513157321548,1632763570
19585593,201923065189,131644022568922664285538,1632775072
19587387,197326296992,134719932568922664285538,1632779044
19588683,197292348841,134743183620089892285538,1632782006
19588923,197269562004,134758794795795707208141,1632782602
19593306,196436739986,135331843375646214698985,1632792198
19595482,196399865810,135357328454852429010870,1632796852
19595858,193382848531,137475428454852429010870,1632797666
19595994,193357225916,137493700744851243056658,1632798036
19596771,192946021533,137787607488372296388227,1632799663
19602834,192944583490,137788637529002585267477,1632812827
19604628,191947079810,138506847193659968283087,1632816966
19605325,191883300753,138553023266941563265851,1632818671
19608342,191871823956,138561335742469603548791,1632825427
19610400,191860027730,138569880613100253249240,1632831101
19611086,191999001881,138469880613100253249240,1632832902
19611468,191971337177,138489895345991417931566,1632834091
19611780,192110472324,138389895345991417931566,1632834737
19612349,192093827514,138401922826776744155781,1632836294
19614184,192624375555,138021860920636021454643,1632841942
19615436,192603965970,138036530635825679712792,1632845308
19616421,192579865966,138053856907452765668195,1632848366
19618571,192558605015,138069145698857250402594,1632852881
19619587,192557244565,138070124116364239609992,1632854977
19623985,193030301418,137732770075899414082764,1632864326
19623985,194020396206,137032011411311740524182,1632864326
19623985,193545343530,137369365451776566051410,1632864326
19626011,193037323412,137731970927563316952645,1632868659
19627421,193036096075,137732849272201102247015,1632871569
19628933,193036102801,137732844487541872875284,1632874704
19630071,193029322336,137737697133095351582390,1632877192
19631429,192269033867,138283991496377099100904,1632880261
19631731,192214806881,138323121093789281517939,1632881009
19632582,192204750000,138330380462531986212002,1632883421
19633472,192184826900,138344763818816149489337,1632885770
19634034,191791260030,138629509594112035116863,1632887030
19634391,191767591476,138646671165194518031817,1632888050
19634452,191098030902,139133916791867007753788,1632888176
19634510,191087278270,139141769526012746211789,1632888296
19637615,191131754670,139109488319046061204665,1632897543
19637793,191155752890,139092076516535855331553,1632897913
19638603,191110335831,139125230984996073158001,1632900481
19640958,191050369766,139169030410015118692218,1632908332
19642321,184969259978,143758164298035812808941,1632912504
19642447,187743411851,141640230133012418919678,1632912764
19642812,187712868082,141663346524965010800760,1632914026
19644546,187563032934,141776855132457153222181,1632920038
19645766,187555172619,141782814787717406313980,1632923581
19646214,188055172619,141406971379889506747084,1632924689
19646804,188049293949,141411405251165567106246,1632926366
19648629,188037483460,141420313918910848210139,1632931781
19648688,188115353764,141361948565295487250385,1632931903
19648838,188112714037,141363938222368351670968,1632932215
19649382,188099422798,141373957156120621698293,1632933556
19650619,188079469762,141389000412821775788862,1632936236
19651133,188072329163,141394384724707446655765,1632937297
19652043,182644600486,145608906444247446655765,1632939389
19652053,182911163520,145397341012890373381629,1632939409
19652053,183911163520,144609115269044656672134,1632939409
19652053,183643296482,144820680700401729946270,1632939409
19652067,184143296482,144428628973371863625482,1632939437
19652296,184441332842,144195947636213574949819,1632939911
19653978,184453626749,144186365749644828049034,1632943507
19653985,184452685028,144187104106717331341048,1632943521
19655671,184433736503,144201962310517866658990,1632947393
19656114,184562109983,144101962310517866658990,1632948575
19662660,183987209767,144553588975394494970358,1632964925
19662836,183985940799,144554588975394494970358,1632965288
19662946,183984671848,144555588975394494970358,1632965644
19663131,183983402915,144556588975394494970358,1632966026
19663140,183982133999,144557588975394494970358,1632966044
19663174,183980865101,144558588975394494970358,1632966116
19663231,183979596220,144559588975394494970358,1632966230
19663249,183978327357,144560588975394494970358,1632966342
19663360,183977058511,144561588975394494970358,1632966756
19663391,183974975381,144563230757572626054260,1632966818
19663534,183954811738,144579124293817595906952,1632967112
19665413,183633887240,144832555724806626112873,1632971632
19665739,183549797817,144899107324806626112873,1632972563
19666461,184000623050,144545148305858043645702,1632974299
19666470,183552492133,144899107324806626112873,1632974353
19666470,184411092206,144226485716044281355137,1632974353
19669327,184667942173,144026485716044281355137,1632980999
19669327,184925507548,143826485716044281355137,1632980999
19669478,183353374228,145063413020817765390799,1632981309
19670077,183358442813,145059415056556539919877,1632982838
19673978,183453555776,144984433347852359570843,1632991931
19674093,183359012342,145059415056556539919877,1632992169
19675005,183343587090,145071656068639493247398,1632994050
19675524,183307061704,145100649728266425975357,1632995252
19676179,183253012342,145143575059182235942077,1632996858
19677015,183221339771,145168740811836917499318,1632998598
19678788,183197360243,145187799779421871861017,1633002385
19679355,183180990407,145200813422868204290177,1633003808
19680553,183169333291,145210081983001019205046,1633006320
19681171,183164716904,145213752794431321353436,1633007738
19681522,183151241491,145224469093260305716954,1633008619
19681673,183419764940,145012499802147925523484,1633008933
19681674,183683716770,144804742408425423512406,1633008935
19681676,183416032646,145016711699537803705876,1633008939
19681688,183680363338,144808646259380995932199,1633008963
19681688,186380363338,142717077546934351024835,1633008963
19681689,185840519735,143132900380813660809590,1633008965
19684556,185823080933,143146373287893140594919,1633015456
19686789,185820982816,143147994426656661858119,1633020690
19689364,185905063108,143083446245578805051996,1633026518
19689364,187105063108,142168514677195516285415,1633026518
19689364,187020405746,142233062858273373091538,1633026518
19689605,187019145703,142234024038423922498535,1633027016
19693188,187003491167,142245966636866749800209,1633034897
19695204,187003012168,142246332089453990332393,1633039441
19699479,186981769198,142262541301338312076160,1633049363
19700184,186268244660,142809136101275140514474,1633050977
19700873,186263126485,142813072047372242315563,1633052603
19702596,186223143235,142843827154861801469390,1633056415
19703127,186495635724,142635740416824851345110,1633057893
19703127,188495635724,141126821025587815344025,1633057893
19703127,188218945804,141334907763624765468305,1633057893
19705113,188193461930,141354103961094909187251,1633062320
19706167,188142899403,141392206525274538696947,1633064736
19709853,188142073568,141392829023275764602842,1633073143
19710361,188413377280,141189841932169590165766,1633074470
19710371,188143696623,141392829023275764602842,1633074490
19710400,188418894170,141186934614505003198576,1633074552
19710400,191418894170,138980726188012018295387,1633074552
19710400,191136582422,139186620596782779699653,1633074552
19710956,188163010359,141392829066218317308155,1633075824
19711010,186143479975,142931461166218317308155,1633075936
19711552,186411924083,142726248078455709341253,1633077069
19711552,189411924083,140472353583059282496641,1633077069
19711552,189136447567,140677566670821890463543,1633077069
19714314,185808672200,143204639232208048746574,1633083227
19715016,185986476284,143068145139148396619093,1633084683
19715016,185809736413,143204639232208048746574,1633084683
19715016,187309736413,142061251347955053594298,1633084683
19715930,187300821381,142068033441086931315546,1633086754
19716281,187300473348,142068298219799919201736,1633087482
19717522,194053081623,137138959189912616439240,1633090058
19717911,196638187858,135341398061844463874031,1633090860
19718203,196440777414,135477816785849571363089,1633091461
19718651,196403398381,135503678190258078164955,1633092523
19718721,198403268132,134141881528176145529513,1633092671
19719049,200402940926,132807354419783105923975,1633093391
19719270,200902940926,132477817379764325674089,1633093853
19719434,206964967919,128608828234871922322537,1633094193
19721236,206939473892,128624719948605563202959,1633098250
19721538,207137889105,128501880949273425204974,1633098874
19721538,209637889105,126973996849866272066096,1633098874
19721538,209435881497,127096835849198410064081,1633098874
19721567,209636440774,126975606682143993773921,1633098932
19721567,209836956142,126854635371580218148202,1633098932
19721567,209646943660,126969955410016698520108,1633098932
19721567,211646943660,125773693067252330140666,1633098932
19721567,211637462880,125779344339379625394479,1633098932
19721567,211434288768,125900573506434041684639,1633098932
19721926,211388166949,125928125835070259262328,1633099676
19721954,211372851037,125937277945251808518832,1633099732
19723390,211268368828,125999747299013403220688,1633102845
19723447,211254117665,126008272795050571758579,1633102963
19724809,208903208841,127430583816871515273787,1633105906
19727760,208896566909,127434647704237296064601,1633112149
19728247,208894932595,127435647704237296064601,1633113151
19728290,208339469417,127776431937582282854091,1633113241
19730589,205275035489,129689673137582282854091,1633118394
19731929,205280236086,129686397418507697843041,1633121158
19732085,205279154505,129687082770668548902051,1633121478
19734926,205267690466,129694347486755992334592,1633127764
19735175,205197298176,129738972601911871119117,1633128402
19736847,205165211126,129759324334073560008342,1633132117
19737420,205049474583,129832785068376028918418,1633133299
19739058,205044360521,129836033004191232789975,1633136696
19739226,205039217789,129839299311772733759858,1633137046
19739653,204126928773,130421326335447066206424,1633137928
19740678,202075894427,131749062784275039888038,1633140042
19744209,201969339152,131818780297718887111782,1633147644
19745746,201964333190,131822057438073332570525,1633150925
19747551,201963313222,131822725177545000250229,1633154647
19749234,202310313222,131597301707435067372921,1633158245
19749755,202254093183,131633991533694694848024,1633159319
19753812,202253670096,131634267722944784579489,1633168459
19754554,202172506407,131687272314400858239483,1633170501
19754694,202156064893,131698014772981637207329,1633170793
19756318,202120366952,131721344903044793379918,1633174465
19756805,202117276556,131723364998128115472131,1633175496
19758208,202116991646,131723551238388920743341,1633178751
19759247,202087188992,131743035521761862278442,1633181021
19759858,204087494174,130455629723118888916706,1633182294
19760251,199529612535,133444612077300930701447,1633183104
19760268,199817209560,133253120544029868593116,1633183142
19760268,199531333064,133444612077300930701447,1633183142
19760268,202531333064,131473803087079218667576,1633183142
19760812,202587111771,131437712713907622613649,1633184390
19760883,202878519395,131249485737599526096425,1633184640
19760883,202588855102,131437712713907622613649,1633184640
19760883,204788855102,130029897964904649308944,1633184640
19760887,204782574448,130033897964904649308944,1633184656
19761154,204752394495,130053122285235387881051,1633185226
19761347,204729065041,130067986798875805866029,1633185624
19762149,205229065041,129752050236424820345816,1633187281
19762365,205793867846,129397010160110113571455,1633187853
19762588,205784092498,129403175393401526754695,1633188319
19765041,205783642656,129403459119682695738599,1633193699
19765080,205731941218,129436076691673462760992,1633193781
19765499,205729463363,129437640342244184373246,1633194773
19767836,205728733846,129438100711258077548934,1633199744
19769590,205724944898,129440491816620471348631,1633203887
19770104,205687172368,129464333881585310873910,1633204961
19770925,205686755448,129464597091440510430377,1633206655
19771314,205651197525,129487049400399917006155,1633207585
19777821,205491581294,129587931519256628242859,1633222263
19779246,202604105817,131440351521300586537798,1633225859
19783139,202592345410,131448004542281984884586,1633236095
19783816,202709987175,131371948049005941887210,1633237493
19784659,201682802968,132043047597589718899890,1633239233
19785039,201646962458,132066587403879178454648,1633240017
19785999,201645976965,132067234788053128116905,1633241997
19786187,201640206225,132071025793056543524932,1633242385
19786215,201650139997,132064539173404360284478,1633242441
19788487,201915437118,131891539173404360284478,1633247258
19788876,201820294677,131953902781379928222189,1633248060
19789103,202020294677,131823659993632547561458,1633248526
19793371,202007721744,131831889368826151111453,1633258508
19793388,202007243112,131832202668997975165253,1633258542
19794311,201994539278,131840518804312723745901,1633260743
19794922,202320046358,131629039593434116199322,1633262269
19798335,202611635924,131440172480225204797201,1633269986
19798335,205611635924,129528049349499998796032,1633269986
19798335,205313163324,129716916462708910198153,1633269986
19798743,205487086758,129607453690163392094660,1633270958
19798916,203949534711,130587489460113283434405,1633271316
19799187,203912607000,130611209462715927099609,1633271874
19799237,203879604880,130632415198831619313027,1633271978
19799478,203843649385,130655526473341785972395,1633272472
19799751,204157100300,130455526473341785972395,1633273166
19799756,204158421138,130454685000885236207930,1633273176
19800064,204154511325,130457190888550858731090,1633273812
19800459,204144621595,130463529868556916751500,1633274767
19800667,204138647508,130467359352977274661951,1633275195
19804383,203939147195,130595371062272957726824,1633284161
19804540,203886117579,130629440381302679277286,1633284483
19804585,203877388600,130635050090315961756135,1633284661
19805402,203892813356,130625197025098756095075,1633286535
19806917,203891939335,130625758659902739961729,1633289920
19807218,203815056378,130675181475621758094080,1633290538
19807648,203812828480,130676614197169525180541,1633292066
19812191,203818341929,130673089894779367508928,1633303002
19813757,203787625222,130692845387242398545867,1633306503
19814103,203987625222,130565091411998851796921,1633307475
19814276,203654022925,130779611496029943205776,1633307833
19817539,200804633003,132640940050295058048414,1633315097
19818159,201093702086,132450841940897375223579,1633316502
19818159,200806362342,132640940050295058048414,1633316502
19818159,203306362342,131014725622596023029160,1633316502
19819832,203256368524,131047047538626386100621,1633320230
19821739,202814217286,131333600256700939685374,1633324748
19825638,202812997441,131334392556881598958663,1633334089
19826018,202716198462,131397294728428414693261,1633334874
19826966,202783362794,131353904854062069432023,1633337222
19827302,202883362794,131289355432668292618187,1633337969
19827499,202943362794,131250656279861793851769,1633338647
19828488,202911086032,131271596947263092454714,1633340956
19829280,203434294447,130934992514417912166046,1633342656
19829353,203437920414,130932665801244365095284,1633342868
19830707,203410357308,130950461209125255320176,1633345793
19831075,203409956781,130950719835121680509187,1633346938
19831271,203469365187,130912599887206303236171,1633347471
19831621,203454500261,130922193490447844199751,1633348196
19832040,203440508956,130931224554739260837497,1633349063
19833718,203538687375,130868258268212986097147,1633352792
19833770,203636715434,130805448899565011146754,1633352900
19833823,203734871744,130742617826791260551022,1633353011
19833920,203833079632,130679814208135254317325,1633353213
19833941,203931140703,130617164741662936591335,1633353255
19834058,203915575840,130627164741662936591335,1633353541
19834065,204013670070,130564544681680653931996,1633353583
19834069,204111594016,130502093268057760681886,1633353607
19834096,204307262646,130377483730827889975690,1633353769
19834194,204405580146,130314961212978914364049,1633354035
19834330,204503578883,130252701139683313175989,1633354315
19834362,204601769958,130190378598927732619339,1633354379
19834839,204579840751,130204375884977239060917,1633355624
19834919,204579617590,130204518343052694712178,1633355788
19836470,204686114189,130136977068959147892252,1633359566
19836918,202123022762,131792189996658182911506,1633360749
19838637,200595750075,132798633438066445306533,1633364970
19839531,200595411526,132798858239545863233796,1633367015
19840935,200594578615,132799411308237347835191,1633370256
19841610,198028240917,134525597608237347835191,1633371979
19843296,198126643916,134458983504831572355828,1633375819
19843320,198224814590,134392592478919444604413,1633375867
19843347,198323059986,134326216623930866247242,1633375925
19843374,198421146066,134260013877021436525166,1633375979
19844247,198569489969,134160013877021436525166,1633378169
19844453,198569182893,134160221972444002194056,1633378593
19846427,198595419861,134142550875236544253588,1633383005
19846809,198499430621,134207613966649193555388,1633383798
19847330,198456172642,134236955554524051136926,1633385307
19849998,198448685807,134242035125324643206148,1633391799
19850352,198969573652,133891650815277276811324,1633392677
19850412,198895813244,133941453873491705791406,1633392804
19850754,198831829455,133984685731451705791406,1633393768
19852606,199310146297,133664103304680150016624,1633398225
19852606,199257251342,133699692629816985902269,1633398225
19852606,204254151342,130438419228448271030519,1633398225
19852606,203754879170,130759001655219826805301,1633398225
19853274,202152443299,131798629975358483747637,1633399609
19860046,202250716484,131734781335505951152125,1633413601
19860079,202348720184,131671169452057926118499,1633413667
19860102,202447021773,131607425992597220877165,1633413717
19860122,202545194262,131543827906883475197976,1633413757
19860572,202836753691,131355312023948634103394,1633414687
19860572,205336753691,129760784652255164022624,1633414687
19860572,205039766486,129949300535190005117206,1633414687
19860673,201782188332,132053518888140605795409,1633414897
19860694,202072797081,131864176503476731877106,1633414939
19860694,204772797081,130130649280328039847128,1633414939
19860694,204476173201,130319991664991913765431,1633414939
19861183,201799867765,132053518959834075876179,1633415945
19862236,201773831092,132070610274881764927277,1633418390
19862526,201758516622,132080665253457895113028,1633419000
19862568,201757380727,132081411105848889955265,1633419088
19862621,201700032588,132119078008078630563606,1633419259
19863009,200727572726,132761078008078630563606,1633420255
19865490,201020960889,132567894933689531939697,1633425865
19865490,202720960889,131459499546482300653219,1633425865
19865490,202424385516,131652682620871399277127,1633425865
19867458,202372227767,131686715797542190724856,1633430172
19868506,202400118252,131668623962923069378574,1633432642
19868946,202333774456,131711927071780399211777,1633433550
19869132,202300451412,131733688017699360416704,1633433934
19870274,202132639222,131843383502747576760836,1633436429
19871840,202128701091,131845959974557292955583,1633439939
19872634,202114812712,131855047070422395402098,1633441575
19873225,202314812712,131725091314801461922442,1633442797
19874494,202303883554,131732228974764476329910,1633445429
19874724,202105102077,131862184730385409809566,1633445905
19876627,202088887414,131872796568263508165995,1633449844
19876731,202158337982,131827628141348216377009,1633450176
19877228,202154831242,131829921810249584039550,1633451211
19878618,202114627356,131856223832056095918015,1633454080
19886747,202114284045,131856448477407037793934,1633472469
19888893,202111024762,131858581219512847352476,1633478757
19888990,202107737510,131860732333384954009344,1633478975
19889165,201278564312,132405571167257695693223,1633479337
19890704,201762178597,132089151184717916341897,1633483798
19890704,204340804282,130427224139958286608236,1633483798
19890704,203847747739,130743644122498065959562,1633483798
19891057,203816928170,130763473621882248040013,1633484824
19891805,203370014461,131051696232822280358591,1633486836
19893308,205870014461,129464975339435973019788,1633490574
19893603,203398125250,131043092313562876807960,1633491256
19894474,203378109377,131056027994900074720986,1633493366
19897665,203328258457,131088256286324653136729,1633501106
19898732,205328258457,129815184457681810466137,1633503699
19899501,205278923399,129846477055712609836291,1633505669
19899506,205369869740,129789148049999585368508,1633505679
19899810,205358475205,129796371210025005526054,1633506307
19900020,205356901639,129797368779398731887386,1633506739
19901627,205322853634,129818957411049989747837,1633510462
19901642,203264658410,131137419511049989665917,1633510496
19902505,202924442777,131357941235263258620327,1633512393
19903497,202895699314,131376606210875240703123,1633514829
19904000,202864909006,131396606210875240703123,1633515867
19904505,202914909006,131364326051207710310270,1633517265
19904857,202898560228,131374942728570953680093,1633518087
19905510,202834157519,131416781644930128608996,1633519563
19906058,203834237519,130773931143448140115070,1633520867
19906584,203762383102,130820185802580415392115,1633522179
19907378,203758178534,130822893411546533284630,1633524105
19907541,203648527403,130893544756650735817810,1633524524
19908047,203279727158,131131732935062841518436,1633525684
19908078,208115296656,128093809252331302434478,1633525808
19910082,208114224705,128094471020946298469470,1633530752
19912768,207078107352,128737321522428286963396,1633537176
19912847,207002219488,128784659166661677356547,1633537402
19913328,206040787891,129387404926077581674660,1633538712
19916711,206034061869,129391641513364145181887,1633546927
19918337,208034061869,128151390891118186187149,1633550583
19918831,208015782496,128162686071820458680191,1633551599
19918904,207976587310,128186912239871500652871,1633551749
19922049,208328189213,127971215181856332819705,1633558772
19924969,208277633210,128002371579276331191114,1633565257
19925098,208375601230,127942371579276331191114,1633565523
19925762,207502459639,128482355298151849869630,1633566895
19925983,204927877508,130101382105791956882829,1633567413
19930812,204904567170,130116227225106501748829,1633577769
19930992,204289913134,130508890349954674918751,1633578141
19932737,204256575104,130530255642222348165984,1633581999
19933266,204747688681,130218099126378118589392,1633583217
19933266,204259510351,130530255642222348165984,1633583217
19933266,209173978151,127472478734420909076385,1633583217
19936393,209060649132,127541787810522605812618,1633590180
19936438,209004802194,127575970045154498711764,1633590270
19936776,206975032080,128830851254390880007637,1633590970
19937524,206972304173,128832554362405751687108,1633592766
19937593,206962946680,128838396844642125968616,1633592908
19939473,209962946680,127002967451406370297838,1633597464
19940054,206980679440,128838387451406370297838,1633598759
19940571,206686625516,129022237914137895596882,1633599941
19941629,206686207386,129022499714301857783602,1633602773
19942591,210242427394,126846539714301857783602,1633604889
19942761,213242622244,125067164401755876357465,1633605351
19943382,213322702244,125020355770841380826173,1633606761
19943419,213402702244,124973628926776756311284,1633606835
19943515,213366825028,124994706231133165464127,1633607091
19943555,213333766356,125014133970708363886299,1633607247
19944061,213316777386,125024120302719144295483,1633608287
19945498,213282164083,125044471368409094402356,1633611646
19947040,213268078146,125052755161621754200867,1633615280
19947049,213267497608,125053096593658455290792,1633615298
19947345,213247833812,125064662563237591670687,1633615946
19949039,213171075789,125109830990152883459673,1633619939
19949651,213020066693,125198787733028990643298,1633621224
19950586,213007110050,125206426150104818388945,1633623278
19951104,209930176184,127047091143340574059723,1633624478
19953996,209894086986,127069001356393470974782,1633630570
19955088,209836738948,127103833603719267428599,1633633130
19956382,209830745462,127107475049961601788853,1633636244
19958927,209824290077,127111397363897036401784,1633641977
19959068,209821500520,127113092383443754469812,1633642363
19960257,210269565576,126843036976689236886500,1633644945
19965032,209319848035,127420275786138844008105,1633655857
19966377,211319848035,126217912418663380984544,1633658759
19966579,210894437445,126473281907159892975209,1633659175
19967910,210866231065,126490250426530809516749,1633661921
19968974,210858356794,126494988278032484003706,1633664383
19973400,211376315869,126185951055122184510391,1633673929
19973400,212411949876,125572556561240739858170,1633673929
19973400,211892042640,125881593784151039351485,1633673929
19973633,211832138189,125917299218281680950955,1633674539
19974684,211724094979,125981748404364975302045,1633676740
19974962,211407303548,126171098667496167476070,1633677414
19975622,211404395344,126172839574613936971852,1633678805
19977644,211387054288,126183221260662333795851,1633683321
19978013,211461240821,126139085407644549825712,1633684083
19978031,211494268036,126119446451894062565667,1633684119
19978037,215494199741,123785352196828677182021,1633684131
19979562,215424436154,123825559777127291271717,1633687565
19979603,215421850945,123827050239871644756865,1633687651
19982547,214561573631,124325024499124767838187,1633694141
19983254,214487882466,124367867122855390391030,1633695786
19984850,214453565646,124387828330041335986726,1633699381
19985871,214378508830,124431509234480718642779,1633701487
19986667,214370542561,124436147174365655210213,1633703255
19987946,214117650733,124583559474877431466993,1633706149
19988759,210356459605,126817826762198502708031,1633707828
19988773,210658841872,126636336235310049487065,1633707856
19988773,212658841872,125448894524066892070358,1633707856
19988773,212352546980,125630385050955345291324,1633707856
19989445,212208631431,125715841375268586300325,1633709378
19989545,212547787303,125515841375268586300325,1633709582
19992492,212451042000,125573170380981610768108,1633716092
19993218,212444328486,125577150595572974080694,1633717592
19993621,212404554305,125600736519202679851654,1633718550
19993722,212402605035,125601892656021703927806,1633718756
19996171,212399551006,125603704082065403256776,1633724068
19996360,212435586155,125582462009938816758692,1633724476
19998912,212414272099,125595101112711954144432,1633730131
19999057,212427713823,125587177709827858400150,1633730429
20001725,212417819432,125593045145018385021252,1633736410
20005060,212395900518,125606045145018385021252,1633743815
20005776,211408297982,126194584555992291496911,1633745453
20006707,211016056862,126429863562673302054997,1633747468
20009062,210959706521,126463736397815842341984,1633752740
20009482,210644914170,126653295238794354146777,1633753736
20012242,210642994380,126654453024352733225515,1633759557
20014158,207262010417,128726734332789663386982,1633763653
20014437,207196159684,128767769150321137180778,1633764227
20015141,207493808010,128583606098847394878181,1633765935
20015141,207197940353,128767769150321137180778,1633765935
20015141,208897940353,127722982303801794830000,1633765935
20015866,208841518864,127757592303801794830000,1633767433
20016250,208831800558,127763555588327431108798,1633768225
20018777,208830054928,127764626790077371951242,1633773863
20019226,208828304542,127765700927889991687139,1633774789
20019777,208816810069,127772755046591909787698,1633776104
20020771,208806706363,127778956298724282721481,1633778618
20023779,208726398018,127828267715001891249260,1633785659
20023849,209027153746,127644894821916536136244,1633785803
20023849,212027153746,125844172224974503053517,1633785803
20023849,211719573672,126027545118059858166533,1633785803
20024105,211706592566,126035295938254860075993,1633786465
20024442,209662544893,127267739938254859944921,1633787159
20025170,209661269553,127268516419887475439056,1633789156
20025427,209610808520,127299246825674681470300,1633789837
20025783,209571560567,127323158794970244842171,1633790570
20026206,209551420297,127335432818088972509503,1633791444
20028769,209325344659,127473371496721836036237,1633797402
20029851,209132628460,127591191964157756414773,1633799890
20030418,209109534726,127605325338729277245700,1633801079
20034495,209108549037,127605928650507103961386,1633809925
20037201,209084607946,127620584047141825165336,1633815937
20042071,209056609947,127637727119686471843336,1633826878
20043649,208751425741,127824888616073722326731,1633830158
20044439,207842012940,128385869404238508007760,1633831787
20046454,207838102566,128388292191297238476712,1633836326
20048368,205222979565,130029246148347838846975,1633840630
20049175,204977515891,130185426678329937200497,1633842327
20049657,205385153875,129927814901911378324506,1633843319
20051229,205383522020,129928850337580969880989,1633846693
20051694,205349317300,129950557508510964357599,1633847779
20055850,205438984401,129894008610834963169784,1633857011
20056386,205423708545,129903696942076568595178,1633858247
20057656,205351089788,129949773301390963704179,1633861016
20057722,205269351383,130001675101390963704179,1633861152
20058352,205095257491,130112358301390963704179,1633862453
20058565,205094540713,130112814395416428197964,1633862895
20059668,205032675838,130152191699028903079118,1633865297
20060016,204996590174,130175171401235311134544,1633866013
20060522,204839028719,130275602976767384229436,1633867059
20063590,204835401813,130277916635681652610851,1633873387
20064057,203973228435,130830244667966382825663,1633874349
20064657,203963837465,130836286522852750724858,1633875589
20066722,204034588820,130791053586245062673368,1633879976
20067534,206034654819,129525181285553472656494,1633881652
20067566,211370287727,126265131285553472656494,1633881716
20067730,209278458874,127531003586245062673368,1633882056
20068446,209260237321,127542141896245832413239,1633883532
20069732,209259095405,127542839981938528666744,1633886312
20072184,209212980449,127571037709085977786485,1633891780
20072809,209211382581,127572014974719379584930,1633893212
20073088,209203999167,127576530907975883410771,1633893790
20073212,209152400647,127608099123173793628201,1633894042
20074314,209151948021,127608376111385434062729,1633896988
20082899,210093875063,127037970150189519084509,1633917681
20082974,210092658705,127038707866105649006642,1633917835
20083420,209169141202,127601293226955614079972,1633918813
20084207,208513931970,128003458761041456889453,1633920633
20085319,208486715912,128020218737172973081805,1633923185
20085393,208459208421,128037162634180596961771,1633923373
20085921,208369677447,128092342377450479647131,1633924681
20086981,208532965863,127992342377450479647131,1633927142
20088444,205404784750,129947447719960707004452,1633930664
20088973,205400079511,129950433471982384256703,1633931920
20089041,205398620674,129951359217992534170521,1633932160
20089665,205343594828,129986287018816304024757,1633933576
20089718,202797846199,131622932292160996950940,1633933682
20089731,204797846199,130341357210624129576376,1633933712
20091471,204784636448,130349790254225093812935,1633937996
20091624,204723809196,130388636139878061541837,1633938406
20093120,204807191801,130335710552376909631413,1633942139
20093241,204539708902,130506667460536258593441,1633942385
20093385,204833343908,130320142524281354955495,1633942685
20093392,206233343908,129438109793657506143592,1633942699
20093440,205937470952,129624634729912409781538,1633942799
20093520,205933105024,129627391133883336443485,1633942963
20094807,206002105024,129584102905940726327858,1633946165
20095585,205914925456,129639130871250900783209,1633948093
20097204,205850504236,129679823708263034241922,1633952369
20098260,205849603229,129680393026914747521928,1633955255
20098397,205832499868,129691201060494544427480,1633955623
20099542,205811005971,129704786131849102713394,1633958267
20099846,205792538192,129716460836536045404382,1633958903
20100014,205759459555,129737377274752473039286,1633959247
20100509,205731721520,129754921912357209767339,1633960397
20100730,205719334791,129762758197451752396638,1633960851
20101753,206519309384,129261610425983322859521,1633962961
20102972,206502113286,129272406847308713918731,1633965603
20104361,206501502031,129272790651698159939382,1633969007
20106858,206487380318,129281658246351857175216,1633974416
20111647,206487503394,129281581419741385190051,1633985588
20116295,206420182784,129323871390565320643909,1633996434
20116590,206385082189,129345932112224839764927,1633997040
20118478,206298232085,129400549692474167553135,1634001192
20119710,206065916519,129546872865312168372782,1634003819
20119968,205235382989,130072692392285894512613,1634004479
